Avg_MHz	Busy%	IRQ	PkgTmp	PkgWatt	RAMWatt	RAM_%
3	0.29	1052	61	13.19	1.41	0.00
3	0.27	1014	61	12.90	1.37	0.00
9	0.60	1451	62	14.38	1.54	0.00
102	4.83	1878	62	31.21	2.69	0.00
96	4.28	2571	61	31.46	2.62	0.00
98	4.08	1799	62	36.89	2.50	0.00
96	4.10	1951	62	37.62	2.55	0.00
93	4.05	2389	62	39.20	2.67	0.00
96	4.05	1834	62	37.52	2.47	0.00
98	4.13	2694	63	38.99	2.60	0.00
94	4.38	3171	63	29.67	2.49	0.00
94	4.47	2089	62	30.01	2.63	0.00
98	4.50	1987	62	30.14	2.58	0.00
99	4.39	2117	63	32.17	2.54	0.00
93	4.32	2404	62	30.13	2.49	0.00
96	4.52	1989	63	30.31	2.74	0.00
94	4.47	8475	62	34.41	2.62	0.00
97	4.50	6572	63	32.18	2.81	0.00
95	4.33	2161	62	36.67	2.72	0.00
96	4.38	1691	63	29.70	2.48	0.00
95	4.34	3250	63	32.75	2.75	0.00
86	4.91	9444	62	30.45	2.84	0.00
98	4.88	6503	63	30.74	2.72	0.00
94	4.62	10153	62	30.38	2.69	0.00
96	4.45	5037	63	31.86	2.79	0.00
96	4.54	5531	64	30.20	2.54	0.00
96	4.40	1805	63	30.36	2.52	0.00
98	4.41	2503	62	31.82	2.69	0.00
94	4.26	1593	62	29.88	2.51	0.00
101	5.10	3992	62	31.50	2.83	0.00
96	4.18	1967	64	37.63	2.60	0.00
95	4.00	2200	62	37.91	2.48	0.00
106	5.18	2059	66	41.99	2.98	0.00
84	3.73	3456	65	34.34	2.49	0.00
77	4.88	2802	62	30.55	2.73	0.00
91	4.23	3871	63	36.35	2.58	0.00
85	3.76	2772	65	39.34	2.66	0.00
83	3.73	3299	64	36.72	2.46	0.00
83	5.28	9116	64	33.33	2.92	0.00
100	4.85	2263	63	30.76	2.73	0.00
100	4.53	1813	64	32.51	2.76	0.00
91	5.70	2588	63	30.41	2.92	0.00
96	4.22	1921	63	36.30	2.58	0.00
95	4.11	2266	64	38.66	2.58	0.00
95	4.03	1832	63	38.71	2.62	0.00
103	5.37	2363	64	37.69	2.93	0.00
97	4.49	2039	65	31.47	2.69	0.00
88	3.94	2345	64	34.01	2.56	0.00
101	4.59	2147	64	31.59	2.78	0.00
94	4.21	1982	64	34.30	2.59	0.00
80	3.66	3863	65	36.99	2.44	0.00
79	3.53	3960	65	38.57	2.56	0.00
80	3.57	3838	65	37.56	2.54	0.00
82	3.66	3256	66	37.42	2.50	0.00
78	3.63	5570	64	37.46	2.60	0.00
82	3.69	3541	64	36.34	2.47	0.00
84	3.73	2912	65	36.32	2.44	0.00
84	3.72	3736	65	37.63	2.53	0.00
86	3.75	1630	66	36.44	2.49	0.00
83	3.59	1770	64	34.34	2.36	0.00
80	3.59	2514	64	36.33	2.44	0.00
89	4.19	1862	64	30.10	2.49	0.00
104	4.68	2228	65	31.83	2.63	0.00
93	4.55	8132	65	31.30	2.71	0.00
93	4.30	1405	65	28.74	2.53	0.00
96	4.41	2804	64	30.38	2.51	0.00
97	4.64	7154	64	32.52	2.83	0.00
96	4.39	3356	63	31.13	2.59	0.00
94	4.38	2575	64	30.93	2.61	0.00
94	4.34	2256	64	30.74	2.59	0.00
94	4.39	3885	63	31.20	2.72	0.00
100	4.56	2198	63	31.72	2.74	0.00
96	4.46	1849	63	31.69	2.70	0.00
97	4.47	1791	65	31.00	2.60	0.00
94	4.36	2380	65	30.31	2.57	0.00
92	4.26	1862	63	30.13	2.59	0.00
95	4.39	2225	63	31.29	2.60	0.00
92	4.21	1480	63	29.99	2.54	0.00
99	4.53	2067	62	31.14	2.63	0.00
95	4.36	2804	64	30.79	2.59	0.00
96	4.38	1688	63	30.19	2.59	0.00
100	5.06	2226	64	33.71	2.83	0.00
100	5.82	2137	63	32.22	2.99	0.00
92	4.34	1761	65	29.79	2.54	0.00
97	4.50	2978	63	31.89	2.68	0.00
96	4.43	2487	65	30.88	2.60	0.00
94	4.31	2294	63	30.08	2.56	0.00
97	4.43	2075	64	30.73	2.52	0.00
98	4.43	1555	64	31.19	2.67	0.00
95	4.65	2682	64	31.16	2.71	0.00
98	4.53	1829	65	31.42	2.64	0.00
95	4.30	2213	64	30.28	2.48	0.00
98	5.06	3389	65	31.07	2.70	0.00
95	4.46	2129	64	30.72	2.69	0.00
92	4.29	2105	65	30.28	2.47	0.00
108	5.70	3221	66	37.20	3.04	0.00
94	4.05	2856	65	37.79	2.53	0.00
96	4.49	1735	66	30.41	2.51	0.00
90	4.22	2886	65	31.45	2.66	0.00
100	4.68	3418	64	31.94	2.75	0.00
99	4.56	1618	64	31.15	2.64	0.00
98	4.47	1968	65	31.07	2.56	0.00
96	4.44	2405	65	30.71	2.62	0.00
97	4.40	2291	65	31.96	2.60	0.00
93	4.41	2642	66	30.79	2.56	0.00
91	4.46	6000	65	29.80	2.63	0.00
99	4.27	2599	66	34.73	2.52	0.00
80	3.58	1901	65	34.32	2.23	0.00
80	3.64	5960	65	36.56	2.42	0.00
86	3.67	1863	66	34.62	2.33	0.00
84	3.77	2970	65	36.10	2.28	0.00
94	4.46	2346	65	31.18	2.52	0.00
90	4.21	2591	64	30.62	2.63	0.00
98	4.51	1539	65	30.02	2.52	0.00
96	4.11	2679	65	35.21	2.64	0.00
84	3.60	1795	65	36.10	2.41	0.00
82	3.69	2023	66	34.13	2.19	0.00
87	3.85	2795	66	37.54	2.42	0.00
85	3.81	3462	65	38.11	2.45	0.00
82	3.54	2138	66	35.91	2.42	0.00
87	3.87	2189	66	36.64	2.46	0.00
82	3.78	2707	65	34.56	2.21	0.00
84	3.72	5405	66	36.65	2.45	0.00
86	3.74	3591	65	37.09	2.45	0.00
82	3.65	2068	66	33.98	2.32	0.00
84	3.88	5210	65	37.02	2.49	0.00
93	4.87	7847	65	34.68	2.74	0.00
99	4.69	3022	65	33.25	2.81	0.00
94	4.44	3716	65	30.54	2.66	0.00
99	4.59	2391	66	31.45	2.73	0.00
97	4.39	3344	65	31.66	2.65	0.00
94	4.31	2452	64	30.06	2.48	0.00
99	4.54	2042	64	31.99	2.77	0.00
97	4.50	1899	65	30.64	2.59	0.00
95	4.50	3184	65	31.23	2.69	0.00
98	4.49	2265	65	30.95	2.62	0.00
98	4.52	2607	65	31.22	2.61	0.00
99	4.51	2018	65	31.33	2.67	0.00
99	4.50	2025	65	31.31	2.64	0.00
93	4.46	2626	65	30.16	2.51	0.00
96	4.38	2522	65	31.75	2.66	0.00
90	3.90	1788	64	33.26	2.44	0.00
82	3.64	2660	65	35.20	2.38	0.00
87	3.81	3550	65	37.88	2.50	0.00
84	3.66	4160	66	35.58	2.38	0.00
83	3.79	5288	65	38.05	2.63	0.00
87	3.95	2728	65	35.81	2.46	0.00
87	3.81	3081	67	38.34	2.49	0.00
82	3.85	6183	65	37.15	2.54	0.00
84	3.62	1520	65	34.83	2.38	0.00
88	3.74	1845	65	36.64	2.47	0.00
85	3.73	2293	65	36.73	2.44	0.00
86	3.84	4908	65	37.55	2.61	0.00
83	3.70	3359	64	35.71	2.50	0.00
88	3.80	2477	66	37.34	2.59	0.00
87	3.81	2656	65	38.54	2.59	0.00
84	3.77	4411	65	37.62	2.48	0.00
80	3.61	3485	65	35.85	2.45	0.00
83	3.74	3175	65	37.41	2.52	0.00
86	3.88	2382	66	36.16	2.47	0.00
86	3.88	3553	67	38.54	2.63	0.00
98	4.26	2784	66	36.82	2.73	0.00
92	3.88	1642	64	38.03	2.51	0.00
98	4.09	2047	66	39.03	2.52	0.00
94	4.24	5560	65	34.21	2.63	0.00
96	4.18	2256	65	38.92	2.60	0.00
97	4.46	1832	66	33.05	2.58	0.00
98	4.56	2458	65	32.55	2.77	0.00
93	4.24	1648	65	30.32	2.51	0.00
99	4.44	1804	64	30.67	2.50	0.00
100	4.64	2080	65	31.63	2.71	0.00
94	4.32	2462	66	30.95	2.63	0.00
93	4.28	2504	65	31.21	2.63	0.00
97	4.54	6083	65	31.07	2.67	0.00
101	4.64	3061	65	32.06	2.68	0.00
94	4.59	5745	65	31.03	2.71	0.00
97	4.46	3012	66	31.93	2.72	0.00
96	4.43	2362	65	30.88	2.67	0.00
94	4.30	1718	65	29.47	2.44	0.00
101	4.63	1956	64	31.34	2.69	0.00
93	4.35	2613	65	30.96	2.65	0.00
102	4.60	1701	66	31.66	2.65	0.00
96	4.41	1818	65	30.56	2.61	0.00
97	4.43	2165	65	32.08	2.73	0.00
97	4.50	1693	64	31.23	2.62	0.00
100	4.38	2258	66	36.16	2.57	0.00
94	4.02	2398	66	38.78	2.54	0.00
93	4.50	10412	65	35.35	2.73	0.00
96	5.47	2206	65	30.41	2.87	0.00
92	4.22	2177	65	30.08	2.52	0.00
100	4.62	4580	64	31.33	2.66	0.00
97	4.53	2015	65	30.55	2.67	0.00
100	4.58	3813	65	31.13	2.57	0.00
95	4.42	2197	65	30.36	2.55	0.00
97	4.45	2069	64	30.80	2.60	0.00
98	4.48	1817	65	30.86	2.63	0.00
94	4.50	1823	64	30.23	2.61	0.00
99	4.57	2300	65	31.67	2.65	0.00
97	4.49	1778	65	30.43	2.57	0.00
96	4.42	2215	64	30.80	2.61	0.00
97	4.50	2279	65	31.56	2.73	0.00
97	4.50	1827	64	30.70	2.55	0.00
94	4.52	2944	66	29.76	2.54	0.00
93	4.33	3142	65	31.49	2.69	0.00
96	4.51	2020	65	30.13	2.53	0.00
94	4.60	8863	66	31.14	2.68	0.00
96	4.44	2386	66	30.91	2.57	0.00
89	4.36	4716	64	30.08	2.61	0.00
98	4.53	2013	65	30.37	2.60	0.00
90	4.29	3101	64	29.57	2.51	0.00
98	4.43	2319	66	32.32	2.70	0.00
97	4.52	2273	64	30.57	2.63	0.00
94	4.38	1866	65	29.68	2.53	0.00
103	4.71	2014	65	31.76	2.66	0.00
92	4.25	1829	64	30.16	2.57	0.00
96	4.37	2037	64	30.48	2.51	0.00
95	4.12	2274	65	36.84	2.62	0.00
101	4.47	2517	66	39.49	2.62	0.00
88	3.87	1847	66	37.42	2.51	0.00
98	4.11	2580	66	38.53	2.51	0.00
97	4.25	2004	65	38.20	2.49	0.00
94	4.79	14708	65	31.70	2.77	0.00
92	4.04	2561	67	36.69	2.43	0.00
92	4.15	3191	66	37.40	2.78	0.00
94	3.94	2162	65	38.30	2.50	0.00
100	4.51	3343	66	37.53	2.70	0.00
94	4.12	2449	65	38.85	2.60	0.00
101	4.60	2864	65	32.17	2.62	0.00
90	4.23	3352	65	30.81	2.64	0.00
97	4.60	1952	66	30.52	2.60	0.00
91	4.20	2756	66	30.49	2.55	0.00
95	4.41	1823	65	30.15	2.54	0.00
95	4.47	4543	63	31.07	2.63	0.00
96	4.86	9029	65	30.67	2.76	0.00
104	4.80	4654	65	31.60	2.68	0.00
94	4.45	1916	65	30.28	2.61	0.00
96	4.26	3269	64	34.48	2.73	0.00
100	4.63	2935	65	31.91	2.61	0.00
97	4.51	2263	65	31.03	2.68	0.00
97	4.53	2033	65	31.04	2.55	0.00
96	4.48	2073	64	30.81	2.65	0.00
94	4.44	2350	65	30.11	2.52	0.00
96	4.40	2786	66	31.46	2.71	0.00
96	4.59	3895	65	31.50	2.72	0.00
94	4.39	3447	65	30.87	2.61	0.00
97	4.42	1869	65	30.27	2.55	0.00
93	4.23	1776	65	29.85	2.51	0.00
99	4.55	1749	65	31.03	2.64	0.00
93	4.32	1733	64	29.17	2.48	0.00
94	4.39	5385	65	32.26	2.72	0.00
101	4.89	6558	66	31.22	2.73	0.00
91	4.32	2509	65	31.13	2.60	0.00
100	4.50	2788	64	31.94	2.65	0.00
99	4.34	2518	65	39.38	2.71	0.00
95	4.36	2060	65	33.95	2.65	0.00
96	4.44	1909	65	30.88	2.67	0.00
97	4.44	2094	65	31.45	2.67	0.00
94	4.31	1690	65	30.06	2.55	0.00
99	4.59	2283	65	31.61	2.65	0.00
96	4.61	4268	66	30.63	2.64	0.00
100	4.71	2093	66	31.15	2.77	0.00
89	4.78	2438	65	30.14	2.77	0.00
110	5.52	2400	65	34.26	2.98	0.00
96	4.45	1830	66	30.99	2.63	0.00
98	4.50	2091	66	32.54	2.81	0.00
97	4.54	1757	65	30.30	2.54	0.00
88	4.16	3187	64	30.15	2.64	0.00
103	4.74	1885	66	31.38	2.70	0.00
99	4.46	3821	65	32.40	2.77	0.00
99	4.56	1772	66	31.94	2.72	0.00
95	4.48	1830	64	30.20	2.59	0.00
100	4.48	2175	65	31.54	2.68	0.00
96	4.49	2212	65	31.25	2.69	0.00
96	4.32	2159	66	31.11	2.63	0.00
95	4.46	2097	65	30.96	2.69	0.00
100	4.71	4574	65	32.11	2.79	0.00
96	4.60	2377	64	29.54	2.56	0.00
94	4.36	4512	64	31.35	2.66	0.00
102	4.69	3136	65	32.02	2.80	0.00
91	4.27	2935	66	29.78	2.53	0.00
100	4.56	2822	66	31.86	2.77	0.00
95	4.44	2094	65	31.36	2.74	0.00
97	4.51	1843	65	30.23	2.54	0.00
99	4.55	2021	64	32.20	2.68	0.00
90	4.24	1670	64	29.50	2.52	0.00
100	4.60	3699	65	32.64	2.81	0.00
95	4.46	1953	65	30.59	2.59	0.00
94	4.59	12522	65	30.95	2.74	0.00
96	4.45	3029	65	31.20	2.73	0.00
97	4.49	2023	65	31.10	2.67	0.00
95	4.42	2352	65	31.14	2.64	0.00
96	4.59	2658	65	30.51	2.67	0.00
97	4.51	2908	65	31.55	2.72	0.00
97	4.62	3412	65	31.60	2.72	0.00
100	5.03	2543	66	35.59	2.87	0.00
98	4.09	2292	65	38.15	2.52	0.00
96	4.06	2209	66	38.77	2.56	0.00
86	3.88	7805	65	34.93	2.37	0.00
100	4.51	1804	65	30.92	2.60	0.00
100	4.60	2238	66	31.91	2.67	0.00
96	4.39	1548	65	30.65	2.63	0.00
96	4.50	1823	65	30.16	2.56	0.00
96	4.52	4313	65	30.71	2.66	0.00
91	4.68	15971	66	31.29	2.90	0.00
98	4.66	2654	65	30.88	2.70	0.00
97	4.55	4387	66	32.17	2.82	0.00
94	4.32	2651	64	29.97	2.48	0.00
96	4.46	2534	65	30.26	2.59	0.00
88	4.21	1853	66	28.67	2.43	0.00
99	4.76	9430	65	31.48	2.84	0.00
95	4.41	2773	65	30.83	2.67	0.00
96	4.43	1798	66	30.97	2.65	0.00
93	4.30	2572	65	31.18	2.72	0.00
104	4.86	1989	64	31.53	2.71	0.00
90	4.15	2414	66	30.69	2.68	0.00
104	4.72	1848	65	31.60	2.69	0.00
94	4.15	1885	66	32.91	2.46	0.00
93	4.42	1994	64	29.50	2.61	0.00
99	4.86	3709	65	30.75	2.70	0.00
96	4.45	2919	65	31.19	2.65	0.00
98	4.53	1839	65	30.44	2.54	0.00
92	4.28	2371	65	30.78	2.67	0.00
96	4.22	2119	65	35.71	2.57	0.00
99	4.55	3394	66	33.96	2.75	0.00
94	4.39	2458	65	31.25	2.63	0.00
101	4.66	1858	65	30.97	2.66	0.00
96	4.50	3180	65	31.57	2.74	0.00
93	4.34	1784	65	30.13	2.54	0.00
95	4.46	2617	65	30.42	2.61	0.00
94	4.29	2283	65	30.55	2.60	0.00
94	4.60	8017	65	31.26	2.76	0.00
98	4.57	3647	65	31.12	2.69	0.00
96	4.45	2549	66	30.78	2.64	0.00
92	4.24	2369	65	30.95	2.66	0.00
100	4.65	2438	65	31.31	2.71	0.00
97	4.50	2393	65	31.18	2.69	0.00
90	4.17	2833	65	30.79	2.57	0.00
102	4.94	6433	65	31.60	2.82	0.00
95	4.37	2430	65	31.44	2.79	0.00
96	4.49	1961	64	31.26	2.76	0.00
105	5.25	2401	66	36.52	2.93	0.00
95	4.12	2576	66	37.18	2.54	0.00
97	4.45	3761	66	34.43	2.77	0.00
89	3.97	2995	64	35.34	2.45	0.00
96	4.32	4829	66	36.12	2.60	0.00
98	4.17	3284	66	37.52	2.60	0.00
96	4.13	2032	65	37.31	2.64	0.00
99	4.64	1782	65	32.47	2.74	0.00
100	4.66	2773	65	31.95	2.74	0.00
95	4.32	1481	65	30.49	2.60	0.00
97	4.45	1967	66	30.49	2.56	0.00
96	4.44	1876	65	30.67	2.57	0.00
99	4.73	5363	64	30.89	2.75	0.00
92	4.20	2409	64	30.04	2.52	0.00
97	4.53	2199	65	31.25	2.74	0.00
101	4.67	1783	65	32.13	2.79	0.00
98	4.47	1812	66	31.15	2.64	0.00
93	4.35	2314	65	31.07	2.71	0.00
96	4.44	1810	65	30.46	2.64	0.00
96	4.36	2205	66	30.36	2.57	0.00
99	4.56	1758	64	31.11	2.64	0.00
101	4.65	1959	64	31.66	2.73	0.00
93	4.36	1635	65	29.81	2.54	0.00
100	4.66	2886	64	32.22	2.74	0.00
93	4.26	1741	65	30.41	2.62	0.00
101	4.75	1726	64	31.09	2.70	0.00
90	4.18	2848	64	30.02	2.59	0.00
101	4.62	2748	65	32.10	2.73	0.00
95	4.38	1948	65	30.67	2.60	0.00
103	5.52	2096	66	32.36	3.00	0.00
103	4.77	2276	65	31.99	2.67	0.00
91	4.29	2889	65	29.62	2.60	0.00
95	4.36	2631	65	31.76	2.66	0.00
84	3.67	2938	65	36.35	2.50	0.00
85	3.83	2795	64	35.34	2.43	0.00
85	3.77	2676	66	36.86	2.45	0.00
87	3.79	5334	65	38.98	2.69	0.00
82	3.56	1863	65	35.54	2.42	0.00
85	3.65	2225	66	36.65	2.52	0.00
85	3.85	2172	66	36.98	2.59	0.00
81	3.67	3705	65	36.81	2.56	0.00
85	3.68	1816	65	33.89	2.34	0.00
86	3.78	2036	65	36.62	2.43	0.00
86	3.76	1892	66	36.40	2.39	0.00
84	3.66	2700	65	36.19	2.39	0.00
80	3.56	3393	66	36.47	2.40	0.00
83	3.62	2721	66	36.02	2.37	0.00
83	3.72	2741	64	36.54	2.53	0.00
89	3.88	2981	66	37.07	2.56	0.00
85	3.61	1332	66	34.26	2.30	0.00
84	3.64	1978	66	35.63	2.42	0.00
85	3.79	2813	66	37.26	2.64	0.00
84	3.71	1785	66	35.48	2.40	0.00
88	3.91	5107	66	38.62	2.63	0.00
85	3.76	2683	66	36.37	2.41	0.00
85	3.82	3774	65	36.62	2.49	0.00
90	4.29	3096	64	30.15	2.49	0.00
102	4.73	3343	65	31.77	2.71	0.00
100	4.47	2055	64	32.71	2.64	0.00
94	4.10	2384	66	36.29	2.44	0.00
94	4.33	5373	65	32.02	2.67	0.00
96	4.33	2936	65	38.28	2.62	0.00
96	4.58	6076	65	33.34	2.74	0.00
96	4.17	2619	65	38.67	2.61	0.00
88	3.98	3200	65	32.53	2.57	0.00
93	4.27	4637	64	32.86	2.55	0.00
96	4.44	3122	65	32.86	2.55	0.00
100	4.31	3452	65	38.67	2.62	0.00
97	4.18	2132	65	37.98	2.57	0.00
95	4.59	3284	65	31.51	2.62	0.00
95	4.12	2489	65	38.04	2.57	0.00
96	4.24	2812	65	34.24	2.59	0.00
92	3.98	2108	65	38.03	2.55	0.00
99	4.37	2043	65	38.21	2.61	0.00
83	3.65	3701	66	34.55	2.37	0.00
87	3.66	3364	66	37.14	2.55	0.00
82	3.73	7395	65	34.87	2.37	0.00
93	4.44	2431	66	29.78	2.56	0.00
98	4.59	2862	65	31.32	2.74	0.00
95	4.44	1854	65	30.18	2.53	0.00
96	4.49	1807	66	30.00	2.56	0.00
89	4.26	4443	66	29.39	2.57	0.00
99	4.44	1995	64	31.60	2.65	0.00
99	4.52	1810	66	30.59	2.57	0.00
90	4.24	2206	66	29.72	2.57	0.00
103	5.01	2142	65	32.78	2.77	0.00
96	4.44	1889	66	30.94	2.61	0.00
99	4.65	3633	66	31.38	2.71	0.00
93	4.38	2181	65	29.22	2.51	0.00
94	4.40	4146	64	30.49	2.66	0.00
94	4.45	3573	65	30.17	2.60	0.00
97	4.38	2652	65	31.71	2.67	0.00
96	4.25	3551	65	36.52	2.63	0.00
99	4.29	2356	65	38.28	2.59	0.00
95	4.13	2276	66	36.57	2.50	0.00
99	4.26	2420	65	39.02	2.57	0.00
93	4.07	2162	66	37.45	2.43	0.00
91	4.01	2211	64	37.63	2.67	0.00
96	4.19	1748	65	37.86	2.58	0.00
102	4.33	2441	66	39.21	2.53	0.00
91	4.03	1962	66	35.63	2.36	0.00
95	4.54	7835	65	31.40	2.72	0.00
94	4.28	2455	64	30.85	2.62	0.00
99	4.46	2468	65	31.13	2.60	0.00
96	4.45	1905	66	29.69	2.53	0.00
92	4.25	2475	65	29.95	2.58	0.00
97	4.52	2783	65	30.48	2.64	0.00
97	4.51	2630	64	30.75	2.70	0.00
94	4.26	2306	64	30.14	2.58	0.00
96	4.44	2825	64	30.49	2.61	0.00
99	4.61	1945	66	30.44	2.67	0.00
96	4.41	1674	65	30.67	2.64	0.00
96	4.40	2015	65	31.33	2.73	0.00
96	4.21	1704	66	34.14	2.60	0.00
91	4.30	1820	64	29.94	2.60	0.00
101	4.40	2169	66	38.18	2.68	0.00
98	4.19	1719	66	39.00	2.64	0.00
95	4.29	2724	66	40.63	2.78	0.00
100	4.90	1751	65	31.61	2.78	0.00
99	4.54	2023	65	31.67	2.76	0.00
90	4.22	1869	65	29.29	2.54	0.00
95	4.29	3526	65	35.43	2.62	0.00
96	4.43	2183	65	32.32	2.70	0.00
98	4.46	1804	66	31.12	2.64	0.00
92	4.21	1850	64	30.55	2.66	0.00
101	4.64	2185	63	31.89	2.78	0.00
102	4.63	1750	64	31.63	2.71	0.00
96	4.41	1907	65	30.63	2.60	0.00
94	4.42	3010	65	30.34	2.63	0.00
101	4.56	2115	65	31.24	2.69	0.00
91	4.35	3534	64	29.48	2.54	0.00
93	4.30	2846	64	30.32	2.61	0.00
99	4.54	2829	65	31.96	2.75	0.00
98	4.67	2765	66	30.88	2.71	0.00
94	4.20	2874	65	31.89	2.82	0.00
95	4.61	8688	65	29.24	2.54	0.00
99	4.69	2408	65	30.30	2.58	0.00
97	4.33	2741	65	32.41	2.84	0.00
86	4.03	2950	65	32.21	2.55	0.00
83	3.72	6527	65	36.93	2.56	0.00
81	3.60	2449	65	35.44	2.49	0.00
88	3.76	1771	65	35.77	2.41	0.00
82	3.65	3015	65	37.90	2.62	0.00
82	3.70	3121	64	36.85	2.58	0.00
82	3.60	2067	65	35.36	2.43	0.00
86	3.66	1573	65	35.35	2.38	0.00
84	3.68	2336	65	35.14	2.38	0.00
88	3.94	3636	65	37.88	2.61	0.00
85	3.68	3250	65	36.67	2.51	0.00
82	3.85	2657	66	35.94	2.48	0.00
99	4.59	4960	66	32.43	2.79	0.00
90	4.11	2283	65	29.52	2.51	0.00
102	4.79	2708	65	32.54	2.80	0.00
97	4.54	3380	65	30.57	2.63	0.00
96	4.51	2345	65	30.47	2.71	0.00
91	4.20	2836	66	30.15	2.60	0.00
100	4.76	10827	64	31.09	2.74	0.00
95	4.46	3094	65	30.75	2.59	0.00
94	4.46	1981	65	29.89	2.56	0.00
97	4.57	2196	65	29.95	2.55	0.00
97	4.42	3050	64	31.60	2.70	0.00
97	4.52	2131	66	30.63	2.62	0.00
97	4.57	2729	66	31.50	2.74	0.00
96	4.45	2609	64	31.01	2.72	0.00
94	4.36	2361	66	29.91	2.55	0.00
99	4.52	2626	65	31.59	2.64	0.00
90	4.34	5445	65	30.23	2.65	0.00
93	4.39	3061	64	30.18	2.70	0.00
103	4.71	2945	63	32.30	2.77	0.00
99	4.54	1747	64	30.58	2.62	0.00
91	4.40	4223	65	29.52	2.54	0.00
94	4.27	2295	63	30.96	2.64	0.00
98	4.67	1827	64	30.56	2.65	0.00
100	4.58	2739	64	31.82	2.75	0.00
93	4.34	2681	65	30.33	2.63	0.00
99	4.48	2965	64	33.85	2.74	0.00
96	4.37	1848	65	30.48	2.61	0.00
94	4.33	2607	66	30.95	2.59	0.00
99	4.51	1759	65	30.53	2.63	0.00
93	4.36	2142	65	29.83	2.56	0.00
92	4.37	4311	65	30.65	2.67	0.00
100	4.68	1956	65	30.61	2.61	0.00
95	4.42	2688	64	29.93	2.57	0.00
98	4.58	6327	65	30.93	2.67	0.00
91	4.32	2426	65	30.42	2.64	0.00
101	4.58	2364	64	31.21	2.63	0.00
92	4.30	2815	65	29.58	2.50	0.00
97	4.45	2151	65	30.30	2.60	0.00
99	4.70	4804	66	31.34	2.71	0.00
96	4.46	4506	65	30.07	2.57	0.00
97	4.45	1648	65	30.24	2.56	0.00
95	4.41	2501	64	31.80	2.74	0.00
98	4.56	2381	65	30.38	2.64	0.00
98	4.41	2746	64	31.65	2.68	0.00
96	4.51	1932	64	30.34	2.62	0.00
99	4.53	3368	66	31.61	2.70	0.00
95	4.45	1792	65	30.27	2.64	0.00
93	4.53	13502	64	30.02	2.73	0.00
104	4.76	1759	65	31.80	2.74	0.00
94	4.47	2581	65	30.34	2.57	0.00
99	4.52	3034	65	31.81	2.69	0.00
96	4.15	2811	65	38.72	2.65	0.00
94	4.08	1856	65	37.24	2.53	0.00
94	4.03	2023	66	37.71	2.56	0.00
98	4.30	2413	66	39.10	2.53	0.00
95	4.01	1801	65	37.70	2.56	0.00
94	4.29	1938	64	30.66	2.62	0.00
99	4.34	1853	65	38.13	2.82	0.00
97	4.24	2357	65	38.24	2.63	0.00
95	4.17	1971	66	38.82	2.60	0.00
98	4.55	2620	66	32.08	2.77	0.00
87	4.06	1936	65	30.95	2.73	0.00
98	4.52	3279	65	31.32	2.76	0.00
98	4.59	1919	64	30.66	2.60	0.00
101	4.53	2267	65	31.30	2.62	0.00
95	4.56	4835	66	31.15	2.77	0.00
100	4.69	3137	65	32.69	2.92	0.00
93	4.32	2105	65	31.06	2.73	0.00
99	4.57	3073	64	31.59	2.73	0.00
97	4.49	2008	65	31.20	2.74	0.00
92	4.43	2524	65	29.96	2.66	0.00
100	4.63	4565	64	31.66	2.73	0.00
92	4.26	1859	65	30.20	2.56	0.00
102	4.68	2028	65	32.33	2.81	0.00
97	4.44	1819	65	30.59	2.68	0.00
99	4.57	2436	66	31.18	2.76	0.00
94	4.37	2098	65	30.71	2.65	0.00
100	4.60	1500	64	30.84	2.70	0.00
97	4.50	1951	65	30.51	2.56	0.00
96	4.50	1798	65	31.07	2.72	0.00
94	4.41	1859	65	29.98	2.58	0.00
96	4.57	2561	64	31.07	2.66	0.00
100	4.56	3074	64	31.87	2.74	0.00
94	4.46	3130	66	30.62	2.68	0.00
94	4.35	3206	65	30.49	2.60	0.00
100	4.67	4249	64	32.13	2.88	0.00
90	4.12	2282	65	29.73	2.52	0.00
99	4.95	12593	65	30.77	2.76	0.00
94	4.25	7017	65	37.14	2.81	0.00
94	4.44	7652	65	33.62	2.59	0.00
93	4.23	2237	65	32.84	2.55	0.00
95	4.38	3698	65	32.54	2.80	0.00
98	4.51	1626	64	31.00	2.67	0.00
97	4.48	1822	65	29.90	2.52	0.00
97	4.49	2360	65	30.22	2.61	0.00
100	4.60	2636	65	31.30	2.75	0.00
89	3.93	2227	65	32.11	2.62	0.00
83	3.67	1582	65	36.09	2.48	0.00
82	3.61	3314	65	36.16	2.40	0.00
84	3.68	1857	65	35.83	2.43	0.00
80	3.55	3873	65	37.77	2.59	0.00
83	3.64	2768	65	37.26	2.50	0.00
82	3.62	2124	64	35.07	2.39	0.00
84	3.57	1838	64	35.23	2.37	0.00
87	3.69	2423	65	36.68	2.50	0.00
89	4.00	1985	65	35.23	2.50	0.00
89	3.83	3081	65	39.73	2.62	0.00
87	3.83	3137	65	35.99	2.60	0.00
95	4.35	1597	64	29.87	2.55	0.00
97	4.42	1972	65	31.13	2.68	0.00
97	4.66	2173	65	30.77	2.70	0.00
92	4.46	1801	65	29.77	2.64	0.00
98	4.53	1753	65	30.14	2.65	0.00
90	4.27	3288	65	30.13	2.62	0.00
106	4.70	2690	65	32.30	2.77	0.00
96	4.40	1905	65	30.56	2.65	0.00
98	4.48	1785	66	30.53	2.56	0.00
93	4.28	2129	66	30.44	2.63	0.00
99	4.60	3474	66	31.61	2.84	0.00
98	4.59	1813	65	30.31	2.58	0.00
94	4.55	8182	64	31.55	2.78	0.00
88	4.07	1835	64	28.94	2.50	0.00
104	4.86	2008	66	32.07	2.73	0.00
89	4.66	14529	64	29.14	2.79	0.00
96	4.45	2748	65	32.18	2.86	0.00
96	4.41	2145	65	31.29	2.68	0.00
99	4.52	1268	65	30.19	2.62	0.00
96	4.45	1843	64	30.14	2.63	0.00
99	4.52	2338	65	31.64	2.72	0.00
94	4.30	2730	65	30.44	2.58	0.00
89	4.47	11346	65	29.26	2.66	0.00
97	4.58	4369	65	31.19	2.69	0.00
103	4.69	3545	65	31.81	2.78	0.00
95	4.40	2294	65	29.81	2.55	0.00
95	4.44	4623	65	31.25	2.72	0.00
96	4.38	1703	64	30.17	2.59	0.00
100	4.63	1893	64	31.02	2.67	0.00
97	4.60	3853	65	30.59	2.74	0.00
91	4.29	4074	65	30.73	2.75	0.00
102	4.77	1882	65	31.25	2.75	0.00
91	4.27	3108	64	30.39	2.62	0.00
102	4.66	5250	65	32.27	2.77	0.00
96	4.55	4851	64	30.42	2.71	0.00
98	4.46	2294	64	31.00	2.74	0.00
93	4.36	2015	64	29.06	2.57	0.00
97	4.45	2141	64	31.54	2.63	0.00
96	4.52	1665	65	30.24	2.61	0.00
94	4.54	7508	65	30.52	2.69	0.00
93	4.40	2229	65	30.07	2.61	0.00
103	4.83	3356	65	32.01	2.81	0.00
97	4.55	4664	66	31.90	2.84	0.00
91	4.24	2488	65	30.24	2.62	0.00
102	4.79	2308	64	31.50	2.69	0.00
95	4.47	3443	66	30.30	2.65	0.00
98	4.49	4053	64	32.27	2.81	0.00
96	4.37	1863	65	30.93	2.69	0.00
95	4.50	2535	65	31.14	2.70	0.00
95	4.42	1721	65	29.73	2.56	0.00
98	5.22	3081	66	36.07	2.91	0.00
104	4.64	1901	66	32.92	2.71	0.00
91	4.02	3601	65	34.93	2.55	0.00
95	4.50	5612	66	32.68	2.71	0.00
100	4.32	3513	65	37.74	2.69	0.00
95	4.16	1858	65	36.70	2.47	0.00
95	3.88	1983	65	38.38	2.54	0.00
99	4.23	2528	66	40.22	2.67	0.00
95	4.01	1948	66	37.99	2.60	0.00
95	4.01	2157	65	37.37	2.47	0.00
94	4.07	1913	64	38.00	2.61	0.00
96	4.09	1968	65	37.96	2.54	0.00
98	4.18	2099	65	39.08	2.67	0.00
97	4.13	2200	65	38.26	2.53	0.00
95	4.02	2321	65	38.46	2.61	0.00
95	4.07	2140	65	38.03	2.53	0.00
101	4.34	2281	65	38.15	2.67	0.00
94	4.50	2374	65	32.75	2.67	0.00
97	4.12	2005	64	38.69	2.63	0.00
98	4.11	2555	66	38.55	2.56	0.00
96	4.17	1933	66	39.06	2.63	0.00
95	4.09	2035	65	37.84	2.58	0.00
94	4.37	4235	65	34.42	2.69	0.00
94	4.02	2801	65	36.97	2.51	0.00
101	4.66	2011	65	31.59	2.70	0.00
97	4.54	2172	64	30.92	2.73	0.00
95	4.30	2083	66	29.65	2.50	0.00
93	4.36	4340	65	31.43	2.68	0.00
101	4.77	2483	66	31.13	2.65	0.00
92	4.29	1867	65	29.49	2.59	0.00
92	4.04	2373	66	33.76	2.45	0.00
87	3.77	2261	65	35.54	2.45	0.00
85	3.74	2652	65	36.60	2.46	0.00
82	3.65	2891	66	36.21	2.42	0.00
82	3.57	2419	65	36.43	2.57	0.00
79	3.53	3480	65	35.92	2.43	0.00
79	3.54	5048	65	36.29	2.45	0.00
86	3.85	3322	66	37.26	2.54	0.00
78	3.48	6890	65	36.82	2.47	0.00
81	3.62	3868	65	36.12	2.48	0.00
78	3.49	3826	66	35.96	2.40	0.00
80	3.57	2731	65	35.38	2.36	0.00
80	3.74	3789	65	35.28	2.43	0.00
87	3.73	3917	64	35.75	2.42	0.00
83	3.61	4541	65	38.09	2.57	0.00
84	3.71	2515	65	35.42	2.33	0.00
83	3.71	3177	65	36.45	2.46	0.00
79	3.53	5330	65	35.69	2.51	0.00
83	3.66	2443	66	36.61	2.49	0.00
82	3.62	2522	66	35.89	2.41	0.00
80	3.65	4782	66	36.59	2.51	0.00
85	3.71	3922	65	37.84	2.54	0.00
78	3.51	4313	65	35.09	2.37	0.00
96	4.54	1806	65	30.84	2.59	0.00
99	4.58	2482	66	31.60	2.69	0.00
98	4.56	1838	65	30.62	2.59	0.00
95	4.48	2572	66	31.55	2.80	0.00
100	4.60	2058	65	31.74	2.75	0.00
98	4.52	2310	65	30.66	2.72	0.00
94	4.31	1797	65	30.66	2.67	0.00
103	4.69	1869	65	32.04	2.83	0.00
96	4.44	2596	64	31.19	2.79	0.00
95	4.42	3540	65	30.29	2.66	0.00
97	4.42	2123	64	30.17	2.57	0.00
96	4.40	2403	64	30.49	2.56	0.00
94	4.34	2250	65	30.00	2.61	0.00
88	4.01	2514	66	31.94	2.52	0.00
86	3.82	2712	65	36.84	2.50	0.00
90	4.27	2294	66	30.04	2.55	0.00
103	4.64	3668	66	32.59	2.75	0.00
100	4.61	1786	65	30.86	2.67	0.00
97	4.57	4629	64	31.38	2.69	0.00
94	4.46	1831	64	29.80	2.60	0.00
98	4.39	2534	65	32.39	2.74	0.00
97	4.43	2411	66	31.86	2.66	0.00
95	4.33	2163	66	30.85	2.69	0.00
96	4.49	2061	65	30.64	2.61	0.00
97	4.60	6032	64	30.55	2.73	0.00
92	4.25	3537	65	30.23	2.60	0.00
105	4.67	1842	66	31.85	2.70	0.00
95	3.84	1908	66	37.83	2.52	0.00
76	3.37	3820	64	35.49	2.41	0.00
83	3.76	2592	66	36.22	2.44	0.00
83	3.71	5047	65	37.16	2.68	0.00
86	3.76	3777	65	37.50	2.62	0.00
85	3.71	3191	66	35.54	2.46	0.00
84	3.64	4921	66	37.46	2.61	0.00
83	3.66	2492	65	36.11	2.47	0.00
85	3.75	1928	66	36.32	2.54	0.00
81	3.66	5081	65	36.79	2.55	0.00
83	3.70	2754	66	36.14	2.43	0.00
83	3.75	3960	66	36.76	2.44	0.00
85	3.72	3209	66	38.15	2.56	0.00
79	3.61	3218	65	35.88	2.42	0.00
86	3.85	4969	64	37.92	2.63	0.00
85	3.71	1975	66	36.61	2.45	0.00
82	3.64	3599	65	37.03	2.55	0.00
80	3.57	2272	66	34.56	2.42	0.00
85	3.69	2999	66	36.96	2.54	0.00
84	3.68	1981	66	36.43	2.46	0.00
86	3.81	3229	66	36.79	2.46	0.00
83	3.69	2938	65	38.26	2.67	0.00
87	3.84	3395	65	37.20	2.65	0.00
85	3.79	2572	65	36.95	2.53	0.00
83	3.67	2548	66	37.34	2.55	0.00
84	3.79	3935	67	36.65	2.52	0.00
81	3.53	3099	65	37.76	2.54	0.00
86	3.73	2281	66	37.25	2.54	0.00
80	3.54	2691	65	36.44	2.50	0.00
81	3.67	2514	65	35.74	2.45	0.00
82	3.57	2400	65	35.84	2.46	0.00
82	3.50	2270	65	34.83	2.34	0.00
84	3.66	2420	65	35.46	2.41	0.00
81	3.56	2182	64	35.98	2.50	0.00
82	3.63	4038	65	36.32	2.50	0.00
83	3.69	2601	65	36.37	2.41	0.00
85	3.79	3162	65	37.94	2.59	0.00
85	3.77	3309	64	38.20	2.62	0.00
82	3.67	3511	66	35.80	2.41	0.00
85	3.66	2475	65	37.07	2.49	0.00
84	3.56	2235	65	35.67	2.47	0.00
85	3.75	2282	65	36.38	2.46	0.00
84	3.70	3128	64	36.99	2.49	0.00
82	3.64	3844	65	37.14	2.48	0.00
87	3.80	1564	65	36.68	2.47	0.00
80	3.51	2212	66	35.48	2.41	0.00
83	3.70	2492	65	37.51	2.54	0.00
81	3.59	2845	65	35.29	2.38	0.00
85	3.75	2192	64	36.97	2.53	0.00
97	4.68	2573	64	33.17	2.70	0.00
104	5.32	2675	65	38.78	3.08	0.00
92	4.19	3143	64	34.90	2.61	0.00
94	4.14	3372	65	36.94	2.65	0.00
95	4.35	3438	65	32.42	2.80	0.00
104	4.75	2963	65	32.84	2.88	0.00
96	4.39	1759	65	30.85	2.69	0.00
94	4.28	1859	65	31.44	2.74	0.00
93	4.32	2232	65	31.00	2.57	0.00
97	4.55	2166	63	31.50	2.74	0.00
102	4.75	4570	64	31.70	2.78	0.00
91	4.24	4415	64	29.15	2.54	0.00
100	4.51	3424	65	34.17	2.73	0.00
96	4.47	2145	65	30.52	2.65	0.00
98	4.48	2124	65	30.97	2.63	0.00
93	4.41	5017	64	29.94	2.66	0.00
94	4.28	2380	64	30.40	2.62	0.00
100	4.73	5135	66	31.91	2.76	0.00
99	4.54	1976	65	30.66	2.70	0.00
88	4.06	2147	65	29.59	2.54	0.00
105	4.78	1585	64	31.52	2.75	0.00
96	4.42	1959	65	30.96	2.74	0.00
95	4.50	1641	65	29.51	2.55	0.00
91	4.20	6106	64	31.13	2.75	0.00
103	4.68	2467	65	32.08	2.79	0.00
97	4.44	1733	65	30.20	2.67	0.00
94	4.31	2846	64	31.13	2.74	0.00
103	4.77	2625	64	32.81	2.88	0.00
92	4.25	1672	64	30.02	2.61	0.00
95	4.36	1990	65	31.29	2.71	0.00
99	4.48	1772	64	30.19	2.63	0.00
94	4.26	2396	64	33.72	2.63	0.00
82	3.61	2655	65	35.83	2.42	0.00
83	3.63	2787	65	35.99	2.45	0.00
86	3.79	2482	64	36.86	2.48	0.00
77	3.49	3430	64	35.84	2.46	0.00
82	3.64	3731	65	37.24	2.54	0.00
82	3.74	3642	65	36.17	2.47	0.00
82	3.57	4291	65	37.66	2.55	0.00
82	3.65	3369	65	36.42	2.47	0.00
81	3.62	3616	66	35.90	2.43	0.00
83	3.66	2857	65	37.20	2.51	0.00
82	3.64	2346	66	35.24	2.42	0.00
83	3.60	2707	65	35.18	2.42	0.00
82	3.57	2250	65	35.05	2.38	0.00
83	3.62	2189	66	34.92	2.41	0.00
84	3.62	2031	64	35.73	2.46	0.00
85	3.67	3222	65	35.38	2.47	0.00
84	3.67	2705	64	36.01	2.45	0.00
83	3.69	1627	64	34.15	2.33	0.00
95	4.10	2156	65	35.81	2.56	0.00
95	4.47	2227	66	30.95	2.55	0.00
98	4.48	2412	64	30.47	2.69	0.00
87	4.02	5291	65	34.15	2.66	0.00
95	4.35	2086	64	30.96	2.70	0.00
94	4.42	1789	64	30.02	2.62	0.00
95	4.36	1791	66	30.58	2.65	0.00
101	4.64	2350	63	30.66	2.67	0.00
94	4.42	6293	63	30.35	2.78	0.00
110	5.47	1952	64	42.12	3.04	0.00
92	4.04	2671	65	38.94	2.62	0.00
100	4.55	3169	65	34.97	2.69	0.00
98	4.16	2066	66	37.52	2.56	0.00
88	3.90	2315	65	37.44	2.64	0.00
103	4.39	2394	65	39.88	2.77	0.00
92	3.99	2155	65	38.50	2.66	0.00
99	4.25	2717	65	39.05	2.64	0.00
90	4.00	2750	65	36.61	2.62	0.00
99	4.32	3561	65	38.15	2.69	0.00
98	4.21	1978	66	37.95	2.63	0.00
93	4.17	2592	65	38.08	2.67	0.00
98	4.10	2241	65	38.67	2.64	0.00
96	4.07	2343	65	38.43	2.61	0.00
96	3.97	2257	65	38.12	2.59	0.00
101	4.42	2211	65	40.86	2.74	0.00
95	4.42	5413	65	33.63	2.66	0.00
94	4.13	2338	65	37.22	2.74	0.00
81	3.71	4199	65	34.51	2.51	0.00
85	3.65	1938	65	34.56	2.39	0.00
88	3.83	3524	64	38.07	2.65	0.00
78	3.58	2683	65	34.90	2.44	0.00
88	3.93	2868	64	38.27	2.62	0.00
79	3.59	3061	66	34.87	2.37	0.00
81	3.57	4160	65	36.54	2.48	0.00
83	3.71	4700	66	37.40	2.56	0.00
80	3.53	3886	64	35.73	2.44	0.00
84	3.68	2869	66	36.53	2.48	0.00
84	3.72	3408	65	35.72	2.45	0.00
83	3.55	2210	66	36.40	2.57	0.00
83	3.58	4045	65	34.39	2.35	0.00
79	3.53	3364	65	33.36	2.25	0.00
94	4.58	6780	65	33.76	2.91	0.00
94	4.39	2150	65	30.78	2.70	0.00
100	4.51	1831	64	31.07	2.66	0.00
95	4.36	2111	65	30.64	2.63	0.00
100	4.45	2219	65	35.02	2.66	0.00
95	4.07	2427	66	39.32	2.71	0.00
97	4.17	2364	66	38.62	2.66	0.00
96	4.22	2581	67	37.48	2.71	0.00
100	4.14	2415	65	39.24	2.62	0.00
91	4.05	2081	66	36.85	2.51	0.00
96	4.13	2443	65	38.62	2.65	0.00
97	4.13	2243	65	38.32	2.58	0.00
98	4.18	2081	66	39.10	2.63	0.00
94	4.07	2743	66	39.00	2.68	0.00
100	4.25	2020	65	39.03	2.67	0.00
96	4.14	2417	66	39.05	2.63	0.00
91	3.89	1860	65	38.08	2.60	0.00
105	4.58	2129	66	40.76	2.70	0.00
92	4.02	1907	66	36.78	2.49	0.00
96	4.27	3559	65	37.69	2.75	0.00
93	4.30	1728	65	32.05	2.57	0.00
96	4.49	3012	64	30.29	2.62	0.00
105	4.81	2070	65	32.35	2.80	0.00
96	4.38	1516	65	30.56	2.65	0.00
92	4.23	1729	65	30.03	2.61	0.00
97	4.46	2463	65	30.77	2.65	0.00
97	4.41	2830	65	31.01	2.70	0.00
98	4.58	1921	66	30.80	2.66	0.00
99	4.62	2756	65	32.11	2.86	0.00
93	4.21	1805	65	32.64	2.60	0.00
82	3.63	3157	65	35.70	2.41	0.00
83	3.68	3491	65	37.62	2.64	0.00
79	3.55	3551	66	35.81	2.43	0.00
84	3.71	2981	66	36.66	2.53	0.00
85	3.72	3357	66	37.00	2.50	0.00
83	3.71	2256	65	35.47	2.37	0.00
80	3.60	3414	64	35.85	2.46	0.00
80	3.55	4778	66	37.56	2.59	0.00
83	3.67	2160	66	36.24	2.50	0.00
84	3.55	1750	64	33.84	2.26	0.00
87	3.81	1906	66	36.34	2.50	0.00
82	3.64	3541	64	36.47	2.47	0.00
82	3.79	4711	65	36.09	2.56	0.00
84	3.69	3919	65	37.34	2.55	0.00
82	3.60	2431	65	35.94	2.37	0.00
85	3.78	2953	66	37.70	2.61	0.00
80	3.65	4138	65	36.95	2.50	0.00
84	3.67	2606	66	36.37	2.44	0.00
89	3.90	2363	66	36.66	2.47	0.00
86	3.68	2005	66	36.58	2.48	0.00
83	3.69	4621	64	36.33	2.51	0.00
84	3.70	2599	65	36.72	2.51	0.00
83	3.73	4333	65	37.87	2.62	0.00
87	3.83	2171	65	35.60	2.48	0.00
77	3.62	8455	64	35.81	2.51	0.00
100	4.51	6456	66	36.38	2.94	0.00
81	3.59	2984	66	36.74	2.52	0.00
84	3.71	3022	66	36.64	2.51	0.00
82	3.59	3446	66	36.17	2.47	0.00
83	3.70	2979	66	36.26	2.49	0.00
81	3.56	3251	65	36.86	2.53	0.00
84	3.73	2614	66	36.69	2.52	0.00
81	3.62	3605	66	36.91	2.56	0.00
84	3.78	2432	65	36.23	2.46	0.00
84	3.72	3927	65	36.71	2.52	0.00
83	3.66	4221	65	38.74	2.66	0.00
80	3.59	6325	65	36.86	2.52	0.00
82	3.62	3482	65	36.20	2.46	0.00
81	3.79	6673	66	37.72	2.74	0.00
83	3.61	3320	65	37.14	2.53	0.00
85	3.79	2634	66	37.95	2.66	0.00
85	3.71	2375	66	35.43	2.43	0.00
81	3.67	3658	66	38.04	2.63	0.00
84	3.72	2635	65	36.56	2.50	0.00
85	3.73	2167	66	36.62	2.51	0.00
82	3.75	3209	65	34.74	2.38	0.00
81	3.73	5723	65	37.62	2.58	0.00
83	3.63	2279	65	35.59	2.47	0.00
87	3.87	3286	65	35.20	2.47	0.00
89	3.85	4792	67	39.98	2.77	0.00
81	3.60	2962	65	36.37	2.46	0.00
81	3.55	3191	65	35.66	2.40	0.00
86	3.80	3422	65	37.08	2.53	0.00
80	3.56	3033	65	35.50	2.44	0.00
85	3.76	2461	65	36.00	2.41	0.00
82	3.71	3220	66	36.28	2.51	0.00
99	4.44	1839	64	32.56	2.62	0.00
95	4.02	1741	65	36.96	2.51	0.00
96	4.18	2541	64	34.39	2.51	0.00
96	4.63	1953	63	30.86	2.73	0.00
96	4.40	1742	64	30.64	2.67	0.00
97	4.47	1957	63	30.77	2.67	0.00
96	4.41	2354	63	30.94	2.67	0.00
95	4.45	2688	65	29.97	2.64	0.00
96	4.41	2512	64	31.01	2.71	0.00
101	4.63	1721	64	31.51	2.74	0.00
90	4.24	2547	64	29.27	2.65	0.00
94	4.30	1986	65	29.64	2.57	0.00
104	4.81	2232	65	31.57	2.70	0.00
94	4.42	2294	65	31.84	2.73	0.00
93	4.34	2553	64	29.65	2.59	0.00
95	4.37	1981	65	30.02	2.57	0.00
94	4.37	1738	65	31.13	2.74	0.00
99	4.49	1897	65	30.14	2.60	0.00
95	4.28	2317	66	35.65	2.73	0.00
95	4.35	2527	66	30.76	2.68	0.00
90	4.04	3599	64	33.02	2.44	0.00
88	3.72	2340	65	37.38	2.55	0.00
81	3.59	4440	65	35.69	2.49	0.00
85	3.65	3246	66	37.24	2.57	0.00
85	3.82	3114	65	36.71	2.50	0.00
83	3.64	2273	65	35.93	2.48	0.00
88	3.79	1876	64	35.57	2.45	0.00
82	3.61	2830	64	35.05	2.45	0.00
93	4.09	3159	64	35.50	2.63	0.00
87	3.78	2475	65	37.23	2.49	0.00
79	3.53	3536	65	35.64	2.43	0.00
85	3.75	3363	66	36.52	2.51	0.00
83	3.70	2673	66	35.57	2.42	0.00
82	3.60	3002	65	37.40	2.54	0.00
82	3.61	2864	64	35.17	2.44	0.00
85	3.83	3674	64	36.88	2.58	0.00
86	3.69	2649	65	36.90	2.59	0.00
84	4.27	3081	64	32.23	2.58	0.00
82	4.21	5467	64	30.76	2.73	0.00
4	0.30	803	63	13.30	1.50	0.00
4	0.29	1024	62	13.11	1.46	0.00
4	0.29	1037	63	13.63	1.51	0.00
4	0.32	1245	63	13.73	1.52	0.00
3	0.27	967	62	13.15	1.43	0.00
4	0.30	1190	63	13.63	1.51	0.00
3	0.27	805	62	12.62	1.40	0.00
4	0.30	1041	62	13.58	1.50	0.00
3	0.29	1240	62	13.72	1.47	0.00
3	0.28	1141	62	13.72	1.49	0.00
4	0.30	809	62	12.86	1.42	0.00
4	0.30	1042	62	13.21	1.43	0.00
4	0.29	1166	61	13.23	1.44	0.00
4	0.31	887	62	12.83	1.40	0.00
4	0.30	1315	62	14.08	1.52	0.00
3	0.29	1068	63	13.29	1.49	0.00
3	0.29	982	62	13.05	1.40	0.00
3	0.29	965	62	12.74	1.40	0.00
3	0.29	1129	62	14.22	1.62	0.00
4	0.30	1322	61	13.74	1.46	0.00
4	0.30	744	61	13.18	1.49	0.00
4	0.30	1096	62	13.13	1.45	0.00
3	0.29	994	61	12.83	1.46	0.00
4	0.31	1104	62	13.55	1.46	0.00
3	0.28	1151	63	13.82	1.52	0.00
3	0.29	960	62	12.47	1.40	0.00
3	0.28	1171	61	13.26	1.44	0.00
4	0.29	1088	62	13.24	1.45	0.00
4	0.30	1218	62	13.22	1.47	0.00
4	0.30	866	62	13.12	1.41	0.00
3	0.28	954	62	12.65	1.42	0.00
4	0.32	1086	62	13.37	1.46	0.00
4	0.29	1002	62	13.02	1.43	0.00
4	0.31	1047	62	13.29	1.46	0.00
3	0.28	1107	61	13.40	1.45	0.00
3	0.28	968	61	12.08	1.29	0.00
3	0.28	1102	61	13.38	1.51	0.00
3	0.29	1181	62	13.49	1.44	0.00
3	0.27	768	62	12.37	1.40	0.00
4	0.31	1244	61	13.89	1.55	0.00
3	0.28	720	61	12.82	1.43	0.00
4	0.29	953	62	13.16	1.43	0.00
4	0.31	1040	62	13.47	1.49	0.00
4	0.30	1111	61	13.61	1.50	0.00
3	0.28	1136	63	13.55	1.50	0.00
4	0.36	999	62	13.00	1.44	0.00
3	0.29	1331	61	13.99	1.55	0.00
3	0.28	826	62	12.30	1.32	0.00
3	0.28	1209	61	13.81	1.54	0.00
4	0.30	1107	63	14.02	1.58	0.00
4	0.29	820	62	12.50	1.29	0.00
4	0.30	1045	62	12.91	1.38	0.00
4	0.31	1073	62	13.12	1.46	0.00
4	0.30	941	61	12.88	1.39	0.00
3	0.29	1141	61	14.17	1.60	0.00
4	0.29	1194	62	13.42	1.46	0.00
3	0.28	939	62	12.94	1.44	0.00
4	0.30	1253	61	13.53	1.47	0.00
3	0.27	951	61	12.48	1.34	0.00
4	0.30	1251	60	14.38	1.57	0.00
3	0.28	814	61	13.25	1.52	0.00
4	0.32	1273	61	13.31	1.49	0.00
4	0.30	843	61	12.55	1.37	0.00
3	0.29	883	62	13.13	1.42	0.00
4	0.30	1375	61	14.02	1.55	0.00
3	0.28	870	62	12.85	1.40	0.00
3	0.29	1325	60	13.83	1.62	0.00
3	0.29	996	61	12.72	1.40	0.00
3	0.28	1014	60	13.18	1.46	0.00
4	0.30	1095	61	13.64	1.53	0.00
3	0.29	955	60	12.68	1.38	0.00
3	0.29	881	61	12.71	1.41	0.00
4	0.32	1015	61	13.10	1.37	0.00
4	0.30	1220	61	13.38	1.52	0.00
3	0.28	984	62	13.12	1.46	0.00
3	0.28	1001	61	12.83	1.40	0.00
3	0.28	1131	60	13.35	1.55	0.00
3	0.28	1002	61	12.89	1.46	0.00
3	0.28	1031	61	12.85	1.41	0.00
4	0.31	1275	61	13.92	1.54	0.00
3	0.28	690	62	12.09	1.33	0.00
3	0.29	995	62	12.78	1.45	0.00
4	0.32	1218	61	13.62	1.46	0.00
4	0.29	907	61	12.87	1.45	0.00
4	0.30	1357	61	14.34	1.63	0.00
3	0.28	1000	61	12.87	1.42	0.00
3	0.28	961	60	13.69	1.53	0.00
3	0.28	1038	61	12.81	1.38	0.00
3	0.29	1228	62	13.84	1.56	0.00
4	0.29	996	61	13.71	1.50	0.00
3	0.29	782	61	12.25	1.33	0.00
3	0.29	1175	60	13.07	1.44	0.00
4	0.31	872	61	12.90	1.40	0.00
3	0.29	1191	61	13.34	1.44	0.00
4	0.29	1125	61	13.23	1.45	0.00
3	0.29	1116	62	13.34	1.52	0.00
4	0.30	1157	61	13.56	1.56	0.00
3	0.29	1142	61	12.98	1.47	0.00
3	0.27	629	61	11.94	1.30	0.00
4	0.30	1169	62	13.08	1.46	0.00
4	0.32	861	61	12.22	1.38	0.00
3	0.28	944	61	12.77	1.41	0.00
4	0.32	1203	61	13.29	1.44	0.00
4	0.30	1076	61	13.03	1.42	0.00
3	0.28	1136	61	13.99	1.55	0.00
4	0.30	1075	61	13.02	1.40	0.00
4	0.30	1338	60	13.95	1.56	0.00
3	0.28	846	60	12.46	1.33	0.00
3	0.29	1139	61	12.94	1.41	0.00
3	0.29	876	60	13.09	1.45	0.00
3	0.29	760	61	12.77	1.46	0.00
4	0.29	1213	60	13.67	1.57	0.00
4	0.32	1043	61	12.97	1.43	0.00
3	0.29	1104	60	13.01	1.43	0.00
3	0.28	1001	61	12.90	1.41	0.00
4	0.29	1224	60	13.50	1.47	0.00
3	0.29	976	61	13.23	1.48	0.00
4	0.29	1157	61	13.12	1.49	0.00
3	0.29	1111	62	13.30	1.46	0.00
3	0.28	732	61	12.51	1.42	0.00
4	0.33	1133	60	12.98	1.45	0.00
3	0.28	778	61	12.12	1.35	0.00
4	0.31	1145	61	13.57	1.49	0.00
3	0.29	1130	61	13.16	1.50	0.00
3	0.28	1136	60	12.94	1.42	0.00
3	0.28	860	60	12.40	1.37	0.00
3	0.29	1240	60	13.44	1.49	0.00
3	0.29	1002	60	12.78	1.44	0.00
3	0.28	978	60	12.99	1.48	0.00
4	0.29	956	60	13.21	1.51	0.00
4	0.31	922	60	12.46	1.35	0.00
3	0.29	1200	61	13.49	1.52	0.00
4	0.30	692	60	12.10	1.32	0.00
4	0.29	1312	61	13.75	1.52	0.00
3	0.28	966	61	12.64	1.39	0.00
4	0.29	1101	61	12.75	1.43	0.00
3	0.29	1141	61	13.57	1.53	0.00
3	0.27	959	61	12.72	1.41	0.00
4	0.29	1114	60	12.99	1.43	0.00
4	0.30	887	61	13.18	1.51	0.00
4	0.31	1252	61	13.55	1.54	0.00
4	0.36	820	61	12.52	1.39	0.00
4	0.32	1235	60	13.54	1.58	0.00
4	0.35	1231	61	13.63	1.50	0.00
3	0.26	775	60	11.95	1.37	0.00
3	0.29	1064	61	13.33	1.46	0.00
4	0.29	1190	61	13.41	1.45	0.00
3	0.29	1058	60	12.71	1.42	0.00
3	0.29	1143	60	13.48	1.54	0.00
4	0.31	980	60	13.62	1.56	0.00
3	0.29	831	59	12.30	1.36	0.00
4	0.30	1297	61	13.98	1.52	0.00
4	0.31	1044	60	13.25	1.48	0.00
4	0.31	1141	61	13.39	1.48	0.00
3	0.28	1008	60	12.85	1.41	0.00
3	0.28	1001	60	12.86	1.40	0.00
3	0.28	994	61	13.42	1.52	0.00
3	0.27	934	60	12.68	1.48	0.00
3	0.29	1308	61	13.58	1.50	0.00
3	0.29	777	60	12.04	1.31	0.00
4	0.33	1299	60	13.91	1.54	0.00
3	0.29	999	60	13.15	1.48	0.00
4	0.30	1041	60	12.91	1.41	0.00
4	0.30	1340	59	13.70	1.53	0.00
3	0.28	1178	60	13.54	1.46	0.00
3	0.27	791	60	12.15	1.34	0.00
3	0.29	1124	60	13.32	1.52	0.00
3	0.29	1034	60	12.90	1.40	0.00
3	0.27	895	59	12.33	1.41	0.00
4	0.32	1343	59	14.47	1.59	0.00
4	0.30	942	60	12.81	1.44	0.00
4	0.31	1124	59	13.52	1.49	0.00
4	0.31	1109	59	13.08	1.44	0.00
4	0.32	1463	59	14.78	1.67	0.00
3	0.27	874	61	12.31	1.29	0.00
3	0.29	1005	60	12.78	1.45	0.00
4	0.30	1376	60	13.99	1.52	0.00
3	0.28	846	61	12.70	1.45	0.00
3	0.28	1153	60	13.26	1.45	0.00
4	0.30	918	60	12.63	1.39	0.00
4	0.31	1059	60	12.84	1.40	0.00
3	0.29	1073	60	12.81	1.45	0.00
4	0.32	1282	59	13.81	1.49	0.00
3	0.28	947	60	12.49	1.42	0.00
3	0.28	957	60	12.20	1.35	0.00
4	0.30	1240	60	13.88	1.56	0.00
3	0.28	999	60	12.94	1.48	0.00
3	0.28	1214	61	13.24	1.51	0.00
3	0.28	1180	60	13.38	1.46	0.00
4	0.30	850	60	13.07	1.50	0.00
4	0.30	926	59	12.36	1.32	0.00
4	0.31	1279	60	13.64	1.54	0.00
4	0.31	925	60	12.70	1.36	0.00
4	0.30	1215	59	13.66	1.48	0.00
4	0.30	1276	60	13.59	1.47	0.00
4	0.30	886	60	12.51	1.34	0.00
4	0.30	1327	60	13.62	1.50	0.00
3	0.28	980	60	12.69	1.42	0.00
3	0.28	1164	60	13.33	1.47	0.00
4	0.30	850	59	13.04	1.45	0.00
4	0.31	1238	60	13.12	1.39	0.00
3	0.26	624	58	11.96	1.26	0.00
4	0.31	1121	59	12.87	1.37	0.00
3	0.29	1171	59	13.62	1.52	0.00
3	0.29	889	61	12.61	1.36	0.00
3	0.28	1126	60	12.97	1.46	0.00
3	0.29	1175	60	13.74	1.49	0.00
3	0.28	998	59	12.63	1.38	0.00
3	0.28	1106	59	13.15	1.46	0.00
4	0.31	994	60	12.64	1.38	0.00
4	0.30	992	59	13.13	1.39	0.00
3	0.29	1138	61	12.78	1.37	0.00
4	0.30	1117	60	13.18	1.42	0.00
3	0.27	752	59	12.23	1.35	0.00
4	0.30	1221	60	13.15	1.43	0.00
3	0.29	999	59	12.87	1.48	0.00
3	0.29	1196	59	13.64	1.49	0.00
3	0.27	973	59	12.48	1.27	0.00
3	0.29	1326	60	13.55	1.51	0.00
3	0.29	640	60	11.57	1.23	0.00
4	0.31	1235	60	13.73	1.52	0.00
3	0.29	1050	59	12.84	1.43	0.00
4	0.29	870	60	12.44	1.33	0.00
4	0.29	1286	60	13.22	1.48	0.00
3	0.27	762	59	12.10	1.35	0.00
3	0.29	1138	59	13.27	1.48	0.00
3	0.29	1028	59	12.65	1.39	0.00
4	0.30	1205	60	13.84	1.58	0.00
4	0.30	988	60	13.55	1.52	0.00
3	0.28	977	59	12.75	1.35	0.00
4	0.30	1065	60	13.09	1.46	0.00
4	0.29	827	59	12.22	1.32	0.00
4	0.31	1170	60	13.27	1.43	0.00
3	0.29	1154	59	13.54	1.48	0.00
3	0.29	1057	60	12.95	1.44	0.00
3	0.28	1108	60	13.16	1.46	0.00
4	0.29	1019	59	13.11	1.44	0.00
4	0.36	840	60	12.39	1.38	0.00
4	0.31	1408	59	14.43	1.56	0.00
3	0.28	859	60	13.14	1.47	0.00
3	0.29	949	61	12.22	1.38	0.00
4	0.31	1089	60	13.02	1.34	0.00
4	0.31	1102	59	13.68	1.51	0.00
3	0.29	1360	60	13.73	1.47	0.00
3	0.27	778	59	12.14	1.33	0.00
3	0.29	1320	59	13.96	1.58	0.00
3	0.29	1026	59	13.13	1.45	0.00
3	0.28	904	59	12.84	1.43	0.00
4	0.30	1197	59	14.20	1.62	0.00
3	0.28	753	60	12.51	1.41	0.00
4	0.29	995	60	12.33	1.32	0.00
4	0.29	996	59	13.01	1.40	0.00
4	0.30	1225	59	13.70	1.48	0.00
3	0.28	980	60	12.90	1.43	0.00
4	0.29	1208	59	13.53	1.54	0.00
3	0.28	1105	60	13.03	1.43	0.00
3	0.29	949	58	12.41	1.42	0.00
3	0.28	1008	60	12.91	1.42	0.00
4	0.32	1210	60	13.72	1.49	0.00
3	0.27	619	59	11.49	1.27	0.00
4	0.33	1040	59	13.00	1.41	0.00
4	0.31	1212	59	13.54	1.50	0.00
3	0.29	870	59	12.29	1.34	0.00
4	0.29	1329	59	14.10	1.61	0.00
3	0.28	1031	60	13.20	1.49	0.00
3	0.28	1114	60	13.43	1.51	0.00
3	0.28	1014	59	12.54	1.35	0.00
4	0.29	1224	60	13.37	1.49	0.00
3	0.29	746	60	12.39	1.36	0.00
4	0.30	974	59	13.61	1.50	0.00
4	0.30	1081	59	13.41	1.44	0.00
4	0.29	837	59	12.35	1.37	0.00
4	0.30	1199	59	13.38	1.52	0.00
3	0.28	1150	59	13.54	1.53	0.00
3	0.28	991	59	12.54	1.39	0.00
3	0.29	1205	59	14.01	1.62	0.00
4	0.30	1280	59	13.48	1.45	0.00
3	0.27	753	59	11.64	1.27	0.00
4	0.31	1268	59	14.13	1.53	0.00
4	0.29	1064	59	13.18	1.45	0.00
4	0.30	921	61	12.94	1.43	0.00
4	0.32	1274	60	13.54	1.49	0.00
3	0.29	924	60	13.28	1.45	0.00
3	0.28	1117	59	13.18	1.48	0.00
4	0.29	1092	59	13.26	1.46	0.00
4	0.30	1362	60	14.00	1.55	0.00
3	0.29	884	60	12.99	1.43	0.00
3	0.27	979	59	12.63	1.36	0.00
4	0.30	1198	60	13.97	1.62	0.00
3	0.28	756	59	12.29	1.34	0.00
4	0.31	1332	60	13.45	1.52	0.00
4	0.33	1089	60	13.53	1.50	0.00
4	0.30	1045	60	12.73	1.39	0.00
3	0.27	907	59	12.81	1.42	0.00
3	0.29	1195	60	13.36	1.47	0.00
3	0.27	967	59	13.06	1.43	0.00
3	0.29	998	59	12.66	1.38	0.00
3	0.29	1180	60	13.35	1.46	0.00
4	0.31	1161	59	14.24	1.54	0.00
4	0.30	963	60	12.51	1.39	0.00
4	0.29	1220	59	13.36	1.49	0.00
4	0.32	1138	59	13.78	1.51	0.00
4	0.30	1081	59	13.50	1.46	0.00
4	0.29	1346	60	14.13	1.57	0.00
3	0.28	820	59	12.30	1.39	0.00
3	0.28	921	60	12.57	1.38	0.00
3	0.29	1247	59	13.82	1.56	0.00
3	0.27	846	60	12.81	1.44	0.00
4	0.30	1303	59	13.73	1.60	0.00
4	0.29	756	59	11.83	1.30	0.00
3	0.29	1051	59	12.64	1.42	0.00
4	0.32	1145	59	13.55	1.44	0.00
3	0.28	1170	59	12.89	1.41	0.00
4	0.29	991	59	12.96	1.42	0.00
4	0.30	1342	60	13.81	1.58	0.00
3	0.29	1149	59	13.48	1.54	0.00
3	0.26	621	59	11.81	1.37	0.00
3	0.28	1183	59	13.07	1.48	0.00
4	0.29	1128	59	13.96	1.60	0.00
4	0.29	871	60	12.06	1.32	0.00
3	0.29	1197	60	13.90	1.53	0.00
4	0.32	1191	60	13.17	1.44	0.00
3	0.28	972	59	12.75	1.40	0.00
4	0.29	1325	61	14.17	1.57	0.00
4	0.30	1054	59	13.36	1.48	0.00
4	0.29	1070	60	13.38	1.49	0.00
3	0.29	1228	61	13.58	1.53	0.00
3	0.29	1210	59	13.55	1.49	0.00
3	0.29	819	59	12.23	1.34	0.00
4	0.30	826	59	12.25	1.42	0.00
4	0.31	1309	59	13.71	1.54	0.00
4	0.32	922	59	12.64	1.36	0.00
3	0.29	1270	59	13.68	1.49	0.00
4	0.36	1000	59	12.71	1.43	0.00
3	0.28	846	60	12.33	1.35	0.00
4	0.32	1425	59	14.14	1.52	0.00
3	0.27	957	59	13.08	1.48	0.00
3	0.29	1124	59	12.78	1.44	0.00
3	0.29	834	59	12.55	1.43	0.00
4	0.29	909	59	12.53	1.40	0.00
3	0.29	1039	59	13.47	1.54	0.00
4	0.32	1206	59	13.53	1.46	0.00
4	0.30	1238	59	13.83	1.50	0.00
3	0.27	819	59	11.86	1.34	0.00
3	0.29	1153	59	12.81	1.44	0.00
3	0.29	1186	59	13.31	1.43	0.00
3	0.29	1022	59	12.64	1.36	0.00
3	0.29	1165	58	13.37	1.52	0.00
4	0.29	911	59	13.03	1.48	0.00
4	0.31	1011	59	12.41	1.39	0.00
4	0.29	1143	59	12.99	1.47	0.00
4	0.30	854	59	12.70	1.44	0.00
3	0.28	1088	59	13.02	1.43	0.00
3	0.28	1005	59	12.68	1.41	0.00
3	0.28	1032	59	13.05	1.48	0.00
4	0.30	1317	59	13.33	1.45	0.00
3	0.28	804	59	12.15	1.36	0.00
4	0.30	1302	60	13.58	1.55	0.00
3	0.28	781	59	12.50	1.38	0.00
4	0.30	1003	58	12.19	1.33	0.00
3	0.29	979	59	12.75	1.38	0.00
4	0.32	1172	60	12.52	1.35	0.00
3	0.27	768	59	12.13	1.29	0.00
3	0.28	972	58	13.26	1.52	0.00
3	0.29	1181	59	12.84	1.38	0.00
3	0.27	785	59	12.20	1.30	0.00
3	0.28	1099	59	12.66	1.38	0.00
3	0.28	1142	59	13.49	1.50	0.00
3	0.29	727	59	12.68	1.44	0.00
4	0.31	1066	59	12.77	1.41	0.00
4	0.30	1254	59	13.67	1.53	0.00
4	0.31	818	59	11.92	1.28	0.00
3	0.28	1099	59	13.35	1.53	0.00
3	0.29	1170	59	12.94	1.41	0.00
3	0.28	695	58	11.96	1.27	0.00
4	0.30	1341	60	13.26	1.45	0.00
3	0.28	963	58	12.47	1.37	0.00
3	0.29	1078	59	13.04	1.44	0.00
3	0.29	706	59	12.59	1.46	0.00
4	0.32	1201	59	13.05	1.42	0.00
3	0.29	938	59	12.31	1.37	0.00
4	0.31	1015	58	12.90	1.46	0.00
4	0.31	1363	59	13.94	1.55	0.00
3	0.27	786	59	12.45	1.38	0.00
3	0.29	1144	60	13.64	1.58	0.00
3	0.29	967	59	13.17	1.43	0.00
3	0.28	950	59	12.31	1.35	0.00
3	0.28	1093	59	13.06	1.48	0.00
3	0.29	930	58	12.62	1.40	0.00
4	0.31	888	59	12.30	1.28	0.00
4	0.30	1140	59	14.41	1.69	0.00
4	0.32	1217	58	13.04	1.43	0.00
3	0.27	893	59	12.34	1.39	0.00
3	0.29	1175	58	12.98	1.41	0.00
3	0.28	980	60	12.55	1.39	0.00
3	0.29	1133	59	13.07	1.48	0.00
3	0.28	980	58	12.40	1.38	0.00
4	0.29	1216	59	13.65	1.53	0.00
3	0.28	699	59	11.59	1.29	0.00
4	0.30	797	59	12.21	1.32	0.00
4	0.30	1169	59	13.07	1.49	0.00
4	0.32	994	59	13.43	1.50	0.00
3	0.29	1254	60	13.37	1.53	0.00
3	0.28	1017	59	13.20	1.45	0.00
4	0.30	1148	59	13.24	1.48	0.00
4	0.30	1206	60	13.85	1.49	0.00
3	0.28	1137	60	12.85	1.44	0.00
3	0.28	954	59	12.66	1.44	0.00
3	0.28	541	60	11.85	1.33	0.00
4	0.31	1203	59	12.42	1.36	0.00
3	0.29	1056	59	13.04	1.48	0.00
4	0.31	1186	59	13.04	1.45	0.00
4	0.30	1163	59	14.17	1.63	0.00
3	0.29	1043	59	13.01	1.43	0.00
3	0.28	993	60	12.71	1.43	0.00
4	0.32	1487	59	14.51	1.62	0.00
3	0.28	860	60	12.90	1.44	0.00
4	0.31	1319	60	13.38	1.52	0.00
3	0.28	907	59	12.33	1.39	0.00
3	0.28	807	59	11.96	1.35	0.00
4	0.31	994	60	12.62	1.42	0.00
4	0.30	1060	60	13.27	1.45	0.00
4	0.30	1144	60	13.22	1.50	0.00
3	0.28	1024	59	12.80	1.45	0.00
3	0.29	1315	59	12.99	1.43	0.00
3	0.28	872	59	12.67	1.42	0.00
3	0.28	1144	60	12.92	1.44	0.00
4	0.30	1069	60	13.40	1.50	0.00
3	0.27	808	59	12.50	1.41	0.00
5	0.39	1129	60	13.06	1.46	0.00
4	0.30	1079	60	13.57	1.48	0.00
3	0.29	902	59	12.95	1.44	0.00
3	0.28	1113	60	13.38	1.50	0.00
4	0.31	1244	60	13.31	1.48	0.00
3	0.28	972	60	13.09	1.40	0.00
4	0.30	1165	61	13.34	1.51	0.00
3	0.28	1027	59	13.31	1.51	0.00
3	0.29	836	59	12.92	1.44	0.00
4	0.30	1197	59	12.96	1.40	0.00
4	0.30	1042	59	12.85	1.42	0.00
4	0.29	998	59	12.49	1.37	0.00
4	0.34	1103	60	12.85	1.38	0.00
4	0.30	1303	60	13.30	1.49	0.00
3	0.27	629	59	12.25	1.39	0.00
4	0.30	1382	59	13.12	1.43	0.00
4	0.30	1092	59	13.32	1.47	0.00
3	0.27	799	59	12.11	1.33	0.00
4	0.30	1115	59	12.74	1.41	0.00
3	0.29	974	59	13.65	1.57	0.00
4	0.30	1060	59	12.70	1.43	0.00
4	0.30	1018	60	13.22	1.44	0.00
4	0.30	1195	60	13.14	1.42	0.00
3	0.28	936	59	12.55	1.44	0.00
3	0.29	1182	59	13.32	1.41	0.00
3	0.28	986	59	12.82	1.44	0.00
3	0.28	824	59	12.80	1.38	0.00
3	0.29	1161	59	13.05	1.45	0.00
4	0.30	992	60	13.11	1.47	0.00
3	0.29	1091	59	12.31	1.36	0.00
4	0.30	936	58	12.24	1.32	0.00
4	0.30	1183	60	12.79	1.33	0.00
4	0.29	1010	59	12.95	1.38	0.00
3	0.29	1093	58	12.61	1.41	0.00
4	0.30	1143	59	13.13	1.41	0.00
3	0.28	1212	59	12.53	1.41	0.00
3	0.28	835	59	11.79	1.23	0.00
3	0.28	913	59	12.94	1.44	0.00
4	0.30	1122	59	13.67	1.58	0.00
3	0.28	790	59	11.55	1.26	0.00
4	0.31	1331	59	12.68	1.38	0.00
4	0.30	996	59	13.03	1.47	0.00
4	0.30	972	58	12.26	1.33	0.00
3	0.29	1112	59	13.21	1.47	0.00
3	0.29	1162	59	12.90	1.44	0.00
3	0.27	818	59	11.12	1.25	0.00
3	0.29	996	59	12.90	1.42	0.00
3	0.29	1227	60	13.15	1.49	0.00
3	0.29	620	59	12.20	1.38	0.00
4	0.30	1045	59	12.65	1.44	0.00
4	0.30	1084	59	13.43	1.51	0.00
4	0.30	916	59	12.05	1.32	0.00
4	0.29	1053	59	13.38	1.48	0.00
3	0.29	1279	59	13.61	1.47	0.00
3	0.28	816	58	12.11	1.30	0.00
3	0.28	1104	59	13.54	1.50	0.00
4	0.30	1268	60	13.59	1.47	0.00
3	0.27	807	59	12.36	1.36	0.00
4	0.30	1085	59	12.84	1.41	0.00
4	0.30	986	59	12.51	1.37	0.00
3	0.29	949	59	12.67	1.35	0.00
4	0.30	1056	58	13.37	1.54	0.00
4	0.30	1213	59	13.39	1.45	0.00
3	0.27	917	58	12.50	1.38	0.00
3	0.29	1028	59	13.01	1.41	0.00
3	0.29	1321	59	13.72	1.53	0.00
3	0.29	942	59	12.93	1.35	0.00
3	0.28	1123	58	12.83	1.40	0.00
4	0.29	1008	59	14.24	1.63	0.00
3	0.28	987	59	12.81	1.41	0.00
4	0.32	1282	59	13.37	1.43	0.00
4	0.30	991	59	13.16	1.51	0.00
4	0.30	899	59	12.61	1.38	0.00
3	0.28	1052	59	12.81	1.38	0.00
4	0.29	1195	59	13.60	1.55	0.00
3	0.27	911	59	12.91	1.48	0.00
4	0.30	1212	59	13.18	1.37	0.00
3	0.29	1127	59	13.81	1.53	0.00
3	0.29	894	59	13.06	1.50	0.00
4	0.30	1080	60	12.95	1.40	0.00
4	0.31	1404	59	13.91	1.56	0.00
4	0.31	897	59	12.62	1.39	0.00
4	0.30	1038	59	12.54	1.32	0.00
3	0.28	1111	60	13.88	1.58	0.00
3	0.28	866	59	12.71	1.37	0.00
3	0.28	1254	59	13.52	1.55	0.00
3	0.29	1049	59	14.31	1.61	0.00
3	0.28	1031	59	12.85	1.45	0.00
3	0.29	896	59	12.68	1.43	0.00
4	0.30	1064	60	12.52	1.31	0.00
3	0.29	979	59	13.36	1.44	0.00
4	0.31	1204	59	13.31	1.40	0.00
4	0.31	1107	59	13.70	1.49	0.00
3	0.28	965	60	13.46	1.52	0.00
3	0.28	932	59	12.16	1.30	0.00
3	0.29	1195	58	14.16	1.59	0.00
4	0.37	1063	59	12.81	1.43	0.00
3	0.28	1063	59	12.55	1.39	0.00
4	0.29	1021	59	14.54	1.67	0.00
4	0.30	861	60	12.15	1.34	0.00
4	0.30	1310	60	13.29	1.50	0.00
4	0.31	1057	59	13.55	1.51	0.00
4	0.30	1040	60	13.35	1.50	0.00
4	0.30	1222	59	13.10	1.38	0.00
4	0.29	1162	59	13.76	1.54	0.00
3	0.28	1125	60	13.06	1.46	0.00
3	0.27	792	59	11.98	1.38	0.00
3	0.29	1325	58	14.73	1.72	0.00
3	0.29	679	58	12.55	1.44	0.00
4	0.30	1109	59	12.92	1.41	0.00
4	0.30	1217	59	13.72	1.55	0.00
3	0.29	829	59	11.98	1.30	0.00
4	0.30	1340	58	13.36	1.47	0.00
3	0.28	1001	59	13.11	1.45	0.00
4	0.30	1099	58	13.14	1.46	0.00
3	0.29	1128	59	13.12	1.49	0.00
3	0.29	1201	59	13.44	1.50	0.00
3	0.27	791	59	12.79	1.38	0.00
3	0.29	870	59	12.95	1.49	0.00
4	0.30	1057	59	13.18	1.50	0.00
4	0.30	1134	59	13.22	1.40	0.00
4	0.32	1264	59	13.45	1.42	0.00
4	0.29	1158	59	13.85	1.47	0.00
3	0.28	1023	59	13.00	1.44	0.00
4	0.30	1040	59	12.71	1.38	0.00
4	0.30	1338	59	13.97	1.56	0.00
3	0.28	826	59	12.81	1.43	0.00
3	0.29	1292	58	13.57	1.48	0.00
3	0.28	710	59	12.43	1.43	0.00
3	0.28	651	59	11.84	1.29	0.00
4	0.31	1283	59	13.52	1.52	0.00
4	0.31	1077	59	13.45	1.47	0.00
3	0.29	1143	59	13.13	1.42	0.00
3	0.27	941	58	12.11	1.34	0.00
3	0.29	1163	59	12.80	1.42	0.00
3	0.29	1004	59	13.22	1.43	0.00
4	0.30	1195	60	13.34	1.44	0.00
3	0.29	1193	59	13.80	1.56	0.00
4	0.30	900	60	12.61	1.40	0.00
4	0.31	1126	59	13.82	1.51	0.00
4	0.30	1007	59	13.39	1.48	0.00
4	0.33	1320	59	13.66	1.47	0.00
3	0.29	965	59	12.72	1.39	0.00
3	0.29	1200	59	13.07	1.43	0.00
3	0.29	1066	59	13.31	1.53	0.00
4	0.30	1152	60	13.26	1.46	0.00
3	0.28	1039	59	13.23	1.44	0.00
4	0.30	1304	59	13.61	1.51	0.00
3	0.27	603	59	11.61	1.31	0.00
4	0.30	917	59	12.58	1.37	0.00
4	0.31	1353	59	14.18	1.60	0.00
4	0.30	855	60	12.37	1.31	0.00
3	0.28	935	60	12.96	1.39	0.00
3	0.27	952	59	12.89	1.43	0.00
3	0.28	961	58	12.35	1.32	0.00
4	0.29	1209	59	13.58	1.48	0.00
3	0.29	1121	59	12.63	1.37	0.00
3	0.28	914	60	13.10	1.47	0.00
4	0.30	861	59	13.16	1.50	0.00
4	0.31	1238	58	12.90	1.38	0.00
3	0.29	939	60	12.91	1.41	0.00
4	0.33	1321	60	13.72	1.46	0.00
4	0.29	1189	59	14.05	1.58	0.00
3	0.28	813	59	12.05	1.24	0.00
3	0.28	1047	59	13.35	1.50	0.00
4	0.31	1310	59	13.53	1.48	0.00
3	0.28	807	59	12.28	1.33	0.00
3	0.29	1205	58	13.76	1.47	0.00
4	0.30	927	59	12.74	1.41	0.00
4	0.31	893	59	12.43	1.34	0.00
4	0.30	1297	58	13.87	1.57	0.00
4	0.32	1110	59	13.65	1.50	0.00
4	0.30	1187	59	13.41	1.43	0.00
3	0.28	1054	59	13.59	1.53	0.00
4	0.29	1110	59	12.63	1.38	0.00
3	0.28	836	59	13.16	1.43	0.00
3	0.28	1026	59	13.35	1.45	0.00
3	0.29	1248	60	13.24	1.47	0.00
3	0.28	608	59	11.72	1.29	0.00
4	0.31	1148	59	12.92	1.37	0.00
4	0.31	1380	59	13.99	1.58	0.00
4	0.31	965	59	12.35	1.35	0.00
4	0.29	1212	59	14.44	1.68	0.00
4	0.30	1213	58	13.30	1.46	0.00
3	0.28	926	59	12.74	1.43	0.00
4	0.29	1140	59	13.53	1.51	0.00
3	0.29	992	59	12.61	1.37	0.00
4	0.29	952	60	12.94	1.48	0.00
3	0.28	987	59	12.24	1.34	0.00
4	0.30	1034	60	13.71	1.54	0.00
4	0.31	1068	59	12.96	1.49	0.00
4	0.34	1108	59	13.44	1.48	0.00
4	0.33	1299	59	13.93	1.51	0.00
3	0.27	813	59	13.20	1.50	0.00
3	0.29	1112	58	12.73	1.40	0.00
4	0.29	1218	59	14.12	1.56	0.00
3	0.29	872	59	12.67	1.39	0.00
4	0.30	1191	60	13.21	1.44	0.00
3	0.27	706	60	12.60	1.41	0.00
4	0.30	1015	59	12.53	1.34	0.00
4	0.31	1119	60	13.98	1.59	0.00
4	0.31	1209	59	13.41	1.44	0.00
3	0.29	963	59	13.33	1.45	0.00
4	0.29	1133	59	13.27	1.45	0.00
3	0.29	1118	59	13.44	1.49	0.00
3	0.28	824	59	12.83	1.47	0.00
3	0.29	1179	59	13.03	1.39	0.00
4	0.30	1065	59	13.81	1.56	0.00
3	0.27	706	59	12.14	1.34	0.00
3	0.29	977	60	12.87	1.42	0.00
4	0.31	1189	60	13.36	1.53	0.00
3	0.29	885	59	13.15	1.45	0.00
4	0.31	1319	60	14.07	1.60	0.00
3	0.28	957	59	12.90	1.45	0.00
4	0.29	963	59	12.97	1.44	0.00
3	0.29	1182	60	12.98	1.43	0.00
3	0.28	1003	60	13.41	1.53	0.00
4	0.30	1081	60	13.37	1.45	0.00
3	0.28	830	59	12.70	1.44	0.00
5	0.40	1313	59	14.28	1.63	0.00
4	0.29	821	59	12.47	1.43	0.00
4	0.30	1098	59	13.29	1.55	0.00
4	0.29	1164	59	13.87	1.53	0.00
3	0.28	846	60	12.62	1.35	0.00
4	0.31	1429	59	13.82	1.51	0.00
3	0.29	1070	60	13.08	1.43	0.00
3	0.28	968	59	12.72	1.44	0.00
4	0.30	986	60	13.08	1.46	0.00
3	0.29	1096	59	12.59	1.37	0.00
4	0.30	974	60	13.33	1.53	0.00
4	0.31	1221	59	13.20	1.45	0.00
4	0.30	1106	60	13.43	1.50	0.00
3	0.28	766	60	12.36	1.35	0.00
3	0.29	1128	59	12.32	1.34	0.00
3	0.29	1170	59	13.62	1.49	0.00
3	0.29	1018	59	12.99	1.43	0.00
3	0.28	987	59	12.94	1.43	0.00
4	0.30	1192	60	13.81	1.50	0.00
3	0.28	825	60	12.22	1.30	0.00
4	0.31	1220	60	13.66	1.53	0.00
4	0.31	1085	60	13.32	1.45	0.00
3	0.28	812	59	12.48	1.39	0.00
4	0.29	1279	59	13.45	1.51	0.00
3	0.28	986	61	13.02	1.42	0.00
3	0.27	886	59	12.58	1.42	0.00
4	0.29	1026	59	13.03	1.46	0.00
3	0.29	1147	60	12.94	1.42	0.00
4	0.29	879	58	13.06	1.48	0.00
3	0.29	1023	60	12.66	1.39	0.00
4	0.30	1108	59	13.09	1.44	0.00
4	0.32	1158	59	13.43	1.52	0.00
3	0.29	874	59	12.59	1.36	0.00
3	0.28	1169	59	14.25	1.59	0.00
4	0.29	1134	59	13.19	1.50	0.00
3	0.28	984	59	13.56	1.51	0.00
3	0.28	977	59	12.47	1.37	0.00
3	0.29	1095	59	13.93	1.50	0.00
4	0.29	918	59	13.80	1.54	0.00
3	0.29	1094	60	13.53	1.45	0.00
4	0.31	1418	59	14.33	1.55	0.00
4	0.30	852	59	12.41	1.33	0.00
4	0.30	1070	60	13.93	1.53	0.00
4	0.30	1370	59	14.21	1.54	0.00
3	0.28	888	59	12.73	1.36	0.00
4	0.29	1310	58	13.52	1.45	0.00
3	0.29	1021	60	13.56	1.47	0.00
3	0.27	967	60	12.67	1.36	0.00
4	0.30	793	59	12.91	1.42	0.00
4	0.30	1142	59	13.03	1.39	0.00
3	0.29	940	59	12.91	1.39	0.00
4	0.30	993	59	12.92	1.36	0.00
4	0.30	1261	60	13.53	1.48	0.00
3	0.28	966	61	13.22	1.48	0.00
3	0.28	1152	59	12.74	1.39	0.00
3	0.28	1137	60	13.73	1.45	0.00
3	0.29	1008	59	12.42	1.29	0.00
3	0.28	1036	60	13.07	1.42	0.00
4	0.30	1169	60	13.58	1.47	0.00
3	0.28	690	60	12.14	1.29	0.00
4	0.30	1133	60	13.62	1.49	0.00
4	0.33	1319	60	14.36	1.54	0.00
4	0.30	935	60	13.29	1.46	0.00
4	0.30	1402	59	14.22	1.56	0.00
3	0.29	1057	60	13.74	1.49	0.00
3	0.28	1103	60	13.18	1.46	0.00
4	0.30	1077	60	13.76	1.50	0.00
3	0.29	1139	59	13.10	1.41	0.00
4	0.33	932	59	12.60	1.39	0.00
4	0.34	957	60	12.78	1.45	0.00
4	0.32	1255	60	13.71	1.49	0.00
3	0.28	603	60	12.15	1.32	0.00
4	0.32	1296	59	13.16	1.50	0.00
3	0.28	1130	61	14.10	1.65	0.00
3	0.28	985	60	12.52	1.39	0.00
3	0.28	1138	61	13.37	1.48	0.00
3	0.29	1186	60	13.24	1.44	0.00
3	0.27	812	60	12.54	1.39	0.00
4	0.30	1087	59	13.31	1.49	0.00
4	0.30	1030	59	12.24	1.35	0.00
4	0.30	911	60	13.10	1.48	0.00
4	0.31	1220	60	13.24	1.48	0.00
4	0.30	915	60	13.46	1.47	0.00
3	0.28	1144	60	13.34	1.45	0.00
4	0.31	1112	60	13.32	1.46	0.00
4	0.30	1389	60	14.11	1.56	0.00
3	0.28	837	61	12.90	1.41	0.00
4	0.30	1361	59	13.98	1.58	0.00
3	0.29	752	59	12.78	1.43	0.00
3	0.29	859	61	12.65	1.37	0.00
4	0.31	1395	60	13.84	1.53	0.00
4	0.30	1066	59	13.38	1.49	0.00
4	0.37	1343	60	14.45	1.59	0.00
3	0.27	977	59	13.10	1.49	0.00
3	0.29	1026	60	13.11	1.38	0.00
3	0.28	1061	61	13.82	1.48	0.00
3	0.29	1189	61	13.52	1.48	0.00
3	0.29	1156	59	13.72	1.55	0.00
3	0.28	690	60	12.79	1.39	0.00
4	0.31	1157	60	13.21	1.42	0.00
4	0.36	1070	60	14.26	1.60	0.00
4	0.30	1041	60	13.05	1.46	0.00
4	0.30	1180	59	14.48	1.65	0.00
4	0.31	1260	59	13.55	1.48	0.00
3	0.28	1044	60	13.77	1.56	0.00
3	0.29	1098	59	13.71	1.50	0.00
3	0.29	1039	59	13.66	1.60	0.00
3	0.28	1042	59	13.42	1.50	0.00
4	0.30	1029	60	12.60	1.39	0.00
4	0.31	966	60	12.87	1.38	0.00
4	0.30	1117	60	13.42	1.46	0.00
4	0.30	1061	59	13.16	1.42	0.00
4	0.30	1313	59	13.45	1.52	0.00
3	0.28	912	59	13.31	1.46	0.00
4	0.32	1420	61	13.95	1.49	0.00
4	0.30	1259	59	14.00	1.52	0.00
3	0.28	815	60	11.75	1.32	0.00
3	0.28	1105	59	13.25	1.44	0.00
3	0.29	815	59	13.60	1.53	0.00
4	0.31	1054	60	12.78	1.42	0.00
4	0.29	1093	59	13.73	1.47	0.00
4	0.31	1218	59	13.21	1.44	0.00
4	0.29	1005	60	13.51	1.48	0.00
3	0.29	1206	60	13.09	1.44	0.00
3	0.28	1028	61	13.38	1.50	0.00
4	0.30	946	59	12.56	1.39	0.00
4	0.30	1240	59	13.27	1.42	0.00
3	0.29	1150	60	13.73	1.53	0.00
3	0.28	623	60	11.80	1.27	0.00
4	0.31	1156	60	13.30	1.44	0.00
4	0.32	1430	60	13.80	1.49	0.00
4	0.31	994	59	13.08	1.39	0.00
4	0.30	1364	60	13.93	1.50	0.00
3	0.28	1005	59	13.04	1.45	0.00
3	0.29	1071	60	13.17	1.40	0.00
4	0.30	1191	60	13.47	1.44	0.00
4	0.29	1020	60	13.27	1.48	0.00
3	0.29	1294	59	13.45	1.46	0.00
3	0.28	694	59	12.89	1.48	0.00
4	0.31	1174	59	13.32	1.46	0.00
3	0.28	851	59	12.52	1.39	0.00
4	0.30	1029	60	13.00	1.45	0.00
3	0.29	1175	59	13.54	1.50	0.00
3	0.29	1245	61	13.21	1.42	0.00
3	0.27	888	59	12.01	1.34	0.00
3	0.29	1213	59	13.35	1.45	0.00
3	0.29	1309	59	14.25	1.57	0.00
3	0.29	960	59	13.21	1.42	0.00
4	0.29	964	59	12.86	1.42	0.00
4	0.30	1052	60	13.56	1.50	0.00
4	0.30	1200	60	13.53	1.50	0.00
4	0.31	1001	60	13.50	1.49	0.00
4	0.31	1464	61	14.69	1.62	0.00
3	0.27	872	59	13.33	1.46	0.00
3	0.28	1008	60	13.21	1.44	0.00
4	0.31	1373	60	13.82	1.50	0.00
3	0.28	862	60	12.42	1.34	0.00
4	0.31	1342	60	13.71	1.47	0.00
3	0.29	845	60	13.21	1.50	0.00
4	0.31	1079	59	13.24	1.47	0.00
4	0.33	1326	60	14.72	1.61	0.00
4	0.30	1216	60	13.21	1.40	0.00
3	0.28	960	59	12.55	1.31	0.00
3	0.27	864	59	12.83	1.38	0.00
4	0.36	1232	59	13.24	1.52	0.00
3	0.28	975	59	13.20	1.46	0.00
3	0.29	1157	60	12.75	1.38	0.00
4	0.31	1125	60	13.46	1.51	0.00
3	0.27	722	60	12.26	1.37	0.00
4	0.31	1100	60	13.39	1.52	0.00
4	0.31	1341	60	14.16	1.55	0.00
4	0.30	884	60	12.67	1.33	0.00
3	0.29	1125	59	13.48	1.46	0.00
3	0.28	1213	60	13.66	1.56	0.00
3	0.27	615	59	11.83	1.31	0.00
4	0.30	1423	59	13.99	1.51	0.00
3	0.28	1071	61	13.47	1.45	0.00
4	0.31	1115	58	13.40	1.51	0.00
3	0.27	818	59	12.61	1.39	0.00
4	0.32	1230	60	13.22	1.43	0.00
4	0.30	1007	59	14.30	1.63	0.00
4	0.31	1303	60	13.59	1.46	0.00
3	0.29	1175	60	14.25	1.61	0.00
3	0.28	831	59	12.71	1.37	0.00
3	0.29	1162	61	12.82	1.36	0.00
4	0.30	1171	60	13.56	1.45	0.00
3	0.28	806	60	12.57	1.39	0.00
4	0.30	1128	60	13.64	1.51	0.00
3	0.27	971	59	12.63	1.36	0.00
4	0.31	974	59	12.68	1.39	0.00
4	0.31	1188	59	13.43	1.39	0.00
4	0.30	1067	60	13.07	1.35	0.00
3	0.29	1032	59	14.00	1.51	0.00
3	0.29	1167	59	13.00	1.40	0.00
3	0.29	1122	59	13.96	1.56	0.00
4	0.30	1050	61	13.26	1.42	0.00
3	0.28	993	60	13.03	1.40	0.00
4	0.29	1114	59	13.49	1.44	0.00
3	0.28	788	61	12.54	1.34	0.00
4	0.30	1175	60	13.42	1.43	0.00
4	0.30	1061	60	12.89	1.40	0.00
4	0.30	929	60	12.77	1.35	0.00
4	0.30	1340	62	13.83	1.51	0.00
3	0.28	1080	60	13.50	1.46	0.00
3	0.29	1201	59	13.85	1.49	0.00
3	0.29	1015	59	13.06	1.39	0.00
3	0.29	1202	60	13.83	1.55	0.00
3	0.29	872	60	12.98	1.46	0.00
3	0.29	1076	59	12.55	1.39	0.00
3	0.29	886	59	12.91	1.43	0.00
4	0.30	858	59	12.37	1.33	0.00
4	0.30	1206	60	12.98	1.39	0.00
4	0.30	1213	60	14.26	1.59	0.00
3	0.28	1013	59	13.30	1.51	0.00
3	0.29	1130	59	13.52	1.45	0.00
4	0.29	1278	60	13.52	1.45	0.00
3	0.29	883	59	12.92	1.38	0.00
4	0.31	1153	61	13.90	1.52	0.00
3	0.29	1035	60	13.41	1.50	0.00
4	0.30	1017	61	12.89	1.37	0.00
4	0.29	975	59	12.49	1.33	0.00
4	0.30	1103	59	13.43	1.48	0.00
3	0.29	1122	60	13.46	1.49	0.00
3	0.29	1026	59	12.96	1.39	0.00
4	0.31	1352	59	13.75	1.54	0.00
3	0.28	858	60	12.77	1.35	0.00
3	0.29	1166	60	13.16	1.44	0.00
4	0.30	1131	60	13.40	1.43	0.00
3	0.27	671	59	12.28	1.31	0.00
4	0.30	1186	60	13.15	1.42	0.00
4	0.30	1018	60	13.50	1.56	0.00
4	0.30	1024	61	12.38	1.29	0.00
3	0.27	944	60	12.88	1.40	0.00
3	0.28	1212	59	13.22	1.47	0.00
3	0.28	958	59	12.77	1.41	0.00
4	0.31	1224	59	13.07	1.40	0.00
3	0.28	1038	60	13.48	1.52	0.00
4	0.31	1110	59	13.79	1.49	0.00
3	0.28	823	59	12.02	1.28	0.00
4	0.31	1222	60	13.91	1.54	0.00
4	0.30	1018	60	12.85	1.36	0.00
4	0.30	1114	59	13.07	1.46	0.00
4	0.29	1356	60	13.35	1.46	0.00
3	0.27	678	60	12.01	1.30	0.00
4	0.30	1359	59	13.69	1.51	0.00
4	0.31	1025	60	13.16	1.47	0.00
4	0.30	1115	59	13.09	1.40	0.00
3	0.29	983	59	13.23	1.48	0.00
3	0.28	880	58	12.73	1.45	0.00
4	0.31	1323	59	13.19	1.49	0.00
4	0.30	862	60	13.12	1.47	0.00
4	0.31	1276	59	13.67	1.49	0.00
3	0.29	1137	60	13.66	1.45	0.00
3	0.28	946	60	12.18	1.27	0.00
3	0.29	1058	60	13.29	1.51	0.00
3	0.29	1062	61	12.88	1.43	0.00
3	0.28	886	60	12.56	1.38	0.00
4	0.30	963	60	12.77	1.36	0.00
3	0.29	1016	61	12.33	1.31	0.00
4	0.30	1014	59	13.18	1.44	0.00
4	0.31	1206	61	13.56	1.51	0.00
4	0.37	1080	60	13.31	1.42	0.00
3	0.29	1122	60	13.19	1.42	0.00
4	0.30	1050	59	13.79	1.55	0.00
3	0.28	1258	59	12.81	1.43	0.00
3	0.28	798	60	11.78	1.28	0.00
3	0.26	735	59	12.71	1.41	0.00
4	0.31	1099	60	13.33	1.48	0.00
3	0.28	883	60	12.72	1.38	0.00
4	0.31	1358	59	14.44	1.66	0.00
4	0.30	1012	60	12.92	1.33	0.00
4	0.30	1000	59	12.45	1.31	0.00
4	0.29	1147	59	13.95	1.52	0.00
4	0.29	1196	59	12.97	1.43	0.00
3	0.28	955	59	12.89	1.43	0.00
3	0.28	949	59	12.26	1.27	0.00
3	0.28	1170	59	12.93	1.40	0.00
3	0.29	732	61	12.67	1.41	0.00
4	0.30	982	60	12.91	1.39	0.00
4	0.31	1123	60	13.19	1.45	0.00
4	0.30	1030	59	13.04	1.42	0.00
4	0.30	1135	59	13.49	1.43	0.00
4	0.29	1355	59	13.28	1.41	0.00
3	0.27	811	59	12.22	1.30	0.00
3	0.28	1106	60	12.93	1.43	0.00
3	0.29	1155	59	12.76	1.37	0.00
3	0.28	846	60	12.29	1.32	0.00
4	0.31	1289	60	13.40	1.43	0.00
3	0.29	863	60	11.89	1.28	0.00
4	0.30	806	60	12.44	1.40	0.00
4	0.29	1017	59	13.21	1.49	0.00
4	0.30	1245	60	12.95	1.42	0.00
3	0.28	988	60	12.74	1.37	0.00
3	0.29	1116	60	12.71	1.45	0.00
3	0.28	1169	59	13.03	1.38	0.00
3	0.28	884	59	13.11	1.37	0.00
4	0.31	1533	60	14.13	1.55	0.00
3	0.29	775	59	12.86	1.47	0.00
4	0.29	1022	59	12.62	1.44	0.00
4	0.30	1089	59	13.24	1.51	0.00
4	0.31	1145	60	12.64	1.34	0.00
3	0.29	855	60	12.55	1.37	0.00
4	0.30	1241	60	13.53	1.48	0.00
3	0.28	983	60	12.22	1.33	0.00
3	0.29	986	59	13.15	1.45	0.00
4	0.30	1235	59	13.15	1.40	0.00
4	0.29	1214	60	13.54	1.51	0.00
4	0.30	781	60	12.15	1.36	0.00
4	0.30	1126	59	13.09	1.40	0.00
4	0.32	1438	59	13.79	1.50	0.00
4	0.30	908	60	12.57	1.38	0.00
4	0.32	1434	60	13.77	1.50	0.00
3	0.28	859	59	11.80	1.27	0.00
3	0.28	915	60	12.56	1.37	0.00
4	0.31	1398	59	13.74	1.46	0.00
4	0.29	1077	59	12.65	1.38	0.00
3	0.29	1181	60	12.85	1.40	0.00
3	0.29	821	60	12.33	1.39	0.00
4	0.31	1312	61	12.75	1.34	0.00
4	0.30	892	60	12.38	1.33	0.00
4	0.32	1280	61	13.35	1.48	0.00
4	0.30	1200	61	13.41	1.44	0.00
3	0.29	874	60	12.55	1.40	0.00
4	0.29	1126	60	12.32	1.30	0.00
3	0.28	1041	60	12.39	1.29	0.00
3	0.29	978	60	12.53	1.39	0.00
3	0.28	1154	61	13.93	1.57	0.00
4	0.30	904	60	11.91	1.27	0.00
3	0.29	855	60	12.18	1.28	0.00
4	0.31	1319	60	13.41	1.48	0.00
4	0.31	1000	60	12.48	1.34	0.00
3	0.29	978	60	12.54	1.39	0.00
3	0.28	1136	59	12.65	1.39	0.00
3	0.29	958	60	12.39	1.32	0.00
3	0.28	1158	61	13.29	1.46	0.00
3	0.27	747	60	12.02	1.30	0.00
3	0.29	1289	61	13.39	1.45	0.00
3	0.28	609	60	11.92	1.35	0.00
4	0.30	1045	61	12.25	1.34	0.00
4	0.30	1030	60	12.50	1.39	0.00
4	0.30	951	61	13.17	1.48	0.00
3	0.29	1081	60	12.66	1.40	0.00
3	0.28	922	60	12.50	1.39	0.00
4	0.29	1035	60	13.06	1.38	0.00
4	0.30	1131	60	14.02	1.57	0.00
4	0.31	1267	61	13.51	1.45	0.00
3	0.28	868	60	12.41	1.33	0.00
4	0.30	830	61	12.06	1.36	0.00
4	0.30	1016	60	12.45	1.37	0.00
4	0.32	1230	60	13.83	1.56	0.00
4	0.32	1088	60	12.86	1.38	0.00
4	0.30	1230	61	14.14	1.59	0.00
3	0.29	1013	59	12.79	1.40	0.00
3	0.28	986	59	12.14	1.36	0.00
4	0.30	1405	60	13.77	1.50	0.00
3	0.29	834	61	12.51	1.38	0.00
4	0.31	1310	60	14.82	1.65	0.00
4	0.35	747	59	12.22	1.32	0.00
4	0.30	960	59	12.68	1.35	0.00
4	0.31	915	61	12.62	1.42	0.00
4	0.29	994	61	12.64	1.37	0.00
4	0.30	1282	61	13.80	1.51	0.00
3	0.27	848	60	12.41	1.36	0.00
3	0.29	1299	60	13.71	1.52	0.00
3	0.29	1161	60	13.98	1.55	0.00
3	0.23	933	60	12.71	1.35	0.00
