Avg_MHz	Busy%	IRQ	PkgTmp	PkgWatt	RAMWatt	RAM_%
184	8.87	60521	64	38.80	3.17	0.00
179	8.82	61025	64	39.14	3.19	0.00
174	8.37	59813	64	43.15	3.15	0.00
178	8.65	60926	66	40.78	3.20	0.00
183	8.88	60356	65	38.83	3.21	0.00
182	8.74	60269	64	38.89	3.18	0.00
181	8.83	61042	65	39.26	3.19	0.00
171	8.31	60526	65	43.58	3.20	0.00
177	8.59	60596	65	40.43	3.20	0.00
180	8.64	60485	64	40.21	3.20	0.00
177	8.74	60123	65	39.70	3.19	0.00
179	8.86	60477	65	38.96	3.19	0.00
186	8.70	60666	65	40.30	3.05	0.00
156	7.83	60653	66	51.44	3.20	0.00
178	8.85	61561	65	39.71	3.15	0.00
178	8.68	60322	64	39.17	3.14	0.00
177	8.44	60708	65	41.54	3.20	0.00
180	8.65	62341	65	42.37	3.19	0.00
185	8.84	61327	65	39.00	3.21	0.00
179	8.67	60411	64	39.94	3.20	0.00
180	8.57	61018	65	42.50	3.19	0.00
166	8.31	60019	65	45.02	3.20	0.00
184	8.80	60440	65	39.07	3.21	0.00
187	8.79	59853	65	39.40	3.19	0.00
184	8.64	60338	66	40.32	3.20	0.00
176	8.41	60684	66	44.44	3.18	0.00
177	8.71	61428	65	41.04	3.21	0.00
189	8.61	62208	65	42.75	3.20	0.00
186	8.87	61031	66	39.71	3.18	0.00
186	8.76	61823	65	40.06	3.17	0.00
171	8.18	60746	66	45.35	3.18	0.00
179	8.87	60428	65	38.82	3.20	0.00
176	8.65	61783	66	41.70	3.19	0.00
181	8.69	60765	65	40.94	3.21	0.00
184	8.71	59270	65	39.80	3.20	0.00
176	8.72	60470	66	41.05	3.21	0.00
179	8.51	62200	65	45.38	3.17	0.00
183	8.96	61216	65	39.38	3.20	0.00
188	8.82	61404	65	39.90	3.20	0.00
176	8.44	59041	65	41.77	3.22	0.00
177	8.90	61374	66	39.49	3.18	0.00
181	8.65	61919	64	43.10	3.18	0.00
182	8.77	60697	65	39.46	3.21	0.00
170	8.22	61682	66	46.08	3.20	0.00
173	8.21	60291	66	45.15	3.20	0.00
183	8.50	61487	66	43.02	3.20	0.00
173	8.45	60473	66	42.07	3.22	0.00
181	9.15	61616	65	39.11	3.22	0.00
184	8.83	60325	65	39.17	3.21	0.00
171	8.25	60805	66	47.15	3.19	0.00
159	7.82	60968	68	53.21	3.18	0.00
174	8.37	61515	67	44.94	3.20	0.00
185	8.87	61075	65	39.64	3.22	0.00
190	8.86	60672	66	39.84	3.20	0.00
172	8.24	60643	66	44.37	3.20	0.00
178	8.26	60409	66	44.20	3.20	0.00
164	7.74	60787	67	51.06	3.20	0.00
186	8.76	59527	66	39.04	3.18	0.00
184	8.79	60765	66	39.15	3.20	0.00
179	8.71	60892	66	41.59	3.20	0.00
185	8.91	60393	66	39.25	3.19	0.00
187	8.91	60808	66	39.49	3.22	0.00
187	8.97	60247	66	38.90	3.19	0.00
186	8.80	61981	66	40.91	3.19	0.00
175	8.45	61284	67	44.81	3.19	0.00
184	8.71	60952	65	40.78	3.21	0.00
173	8.60	60922	66	42.12	3.19	0.00
173	8.99	59994	66	38.31	3.20	0.00
187	8.95	61400	66	39.51	3.22	0.00
186	8.75	60810	66	39.31	3.20	0.00
182	8.74	61494	66	41.62	3.20	0.00
172	8.20	61023	66	45.68	3.18	0.00
176	8.81	60743	67	39.18	3.18	0.00
179	8.48	61514	66	42.02	3.17	0.00
175	8.66	60456	67	40.50	3.20	0.00
176	8.47	60437	67	42.12	3.23	0.00
184	9.01	60745	65	38.78	3.10	0.00
185	9.06	59045	65	38.47	2.93	0.00
184	8.61	61015	67	40.53	3.21	0.00
170	8.36	60373	65	44.30	3.21	0.00
180	8.41	60531	66	41.62	3.19	0.00
189	8.82	61447	67	40.07	3.21	0.00
181	8.84	60200	67	39.05	3.20	0.00
177	8.47	60842	67	43.27	3.21	0.00
177	8.40	60028	66	42.27	3.20	0.00
175	8.50	60354	65	42.72	3.21	0.00
181	8.92	60449	65	38.65	3.22	0.00
175	8.94	60268	67	38.71	3.20	0.00
175	8.54	60396	65	41.20	3.19	0.00
188	8.74	60484	65	39.89	3.22	0.00
175	8.20	61404	67	49.89	3.18	0.00
177	8.53	60864	66	42.82	3.21	0.00
177	8.38	60635	65	42.53	3.21	0.00
183	8.90	60943	65	39.87	3.20	0.00
176	8.63	60646	66	41.52	3.20	0.00
174	8.85	60490	65	39.51	3.21	0.00
182	8.86	60495	65	39.11	3.22	0.00
179	8.98	60978	65	38.28	3.22	0.00
167	7.98	60658	66	47.85	3.20	0.00
172	8.68	60884	66	42.52	3.21	0.00
183	8.81	60424	66	39.48	3.22	0.00
185	8.79	60735	66	39.48	3.20	0.00
169	8.12	60813	66	46.28	3.21	0.00
170	8.32	60923	66	45.08	3.21	0.00
183	8.60	60623	67	41.58	3.22	0.00
177	8.47	60444	67	42.13	3.21	0.00
182	8.81	61077	67	40.39	3.20	0.00
174	8.42	60936	65	42.06	3.21	0.00
184	8.65	60502	65	40.11	3.22	0.00
180	8.37	60300	67	43.44	3.20	0.00
171	8.18	60527	65	46.02	3.23	0.00
177	8.46	60642	66	42.62	3.20	0.00
188	8.63	62371	64	42.80	3.18	0.00
179	8.63	60185	65	39.99	3.20	0.00
167	8.57	61022	66	43.27	3.22	0.00
159	8.06	60411	66	48.73	3.21	0.00
169	8.47	60750	66	42.67	3.21	0.00
185	8.76	60768	66	40.02	3.20	0.00
169	8.08	60700	66	46.00	3.20	0.00
172	8.62	60303	65	41.67	3.22	0.00
183	8.83	61021	65	40.54	3.19	0.00
176	8.66	60610	66	40.55	3.20	0.00
178	8.55	60528	67	42.00	3.20	0.00
181	8.76	60585	65	39.61	3.22	0.00
182	8.51	60633	65	42.04	3.22	0.00
169	8.52	60421	65	42.62	3.19	0.00
181	8.75	60987	67	39.77	3.17	0.00
164	7.94	60420	66	48.33	3.20	0.00
181	8.78	60736	65	39.57	3.20	0.00
183	8.57	60556	65	40.81	3.19	0.00
173	8.44	60661	66	43.34	3.18	0.00
182	8.60	60447	65	40.89	3.18	0.00
159	7.86	61020	66	51.47	3.17	0.00
183	8.83	60637	66	39.69	3.19	0.00
190	8.94	61210	66	39.48	3.18	0.00
179	8.50	60522	66	41.48	3.19	0.00
180	8.56	59919	65	41.12	3.18	0.00
179	8.35	60548	65	42.56	3.18	0.00
174	8.63	60541	65	41.63	3.17	0.00
179	8.74	60427	66	40.30	3.19	0.00
178	8.96	60154	65	39.00	3.16	0.00
179	8.72	60670	65	41.25	3.17	0.00
179	8.75	60948	64	39.68	3.22	0.00
180	8.58	60314	65	40.58	3.21	0.00
175	8.63	60240	66	40.64	3.20	0.00
180	8.64	60454	66	41.00	3.16	0.00
174	8.53	60843	66	42.92	3.19	0.00
176	8.47	60220	65	42.67	3.19	0.00
186	8.80	61014	66	39.38	3.17	0.00
175	8.42	60201	65	42.66	3.20	0.00
177	8.47	60702	65	42.47	3.18	0.00
181	8.48	60169	65	40.54	3.18	0.00
167	8.38	60092	65	44.18	3.19	0.00
179	9.03	60909	64	38.91	3.19	0.00
176	8.82	60104	66	38.50	3.17	0.00
177	9.02	60644	66	38.55	3.18	0.00
176	8.72	60487	66	40.25	3.17	0.00
182	8.86	60371	66	39.62	3.18	0.00
180	8.75	60625	66	39.82	3.19	0.00
173	8.35	60414	67	43.82	3.19	0.00
179	8.59	60137	65	41.58	3.20	0.00
177	8.62	60270	66	40.72	3.21	0.00
176	9.06	60446	65	38.47	3.20	0.00
188	8.89	60858	64	39.71	3.19	0.00
179	8.90	60509	64	38.95	3.18	0.00
183	8.79	60978	65	40.02	3.19	0.00
171	8.67	60682	65	41.78	3.18	0.00
167	8.18	60625	65	46.20	3.19	0.00
180	8.88	60676	66	39.03	3.19	0.00
183	8.76	60381	65	39.31	3.21	0.00
178	8.61	60069	66	40.29	3.18	0.00
184	8.70	60639	65	39.57	3.18	0.00
177	8.80	61455	66	39.38	3.19	0.00
178	8.60	60799	65	41.73	3.20	0.00
179	8.59	60567	65	41.65	3.16	0.00
186	8.84	60677	65	39.49	3.18	0.00
186	8.88	60283	65	39.03	3.20	0.00
183	8.70	61038	65	40.63	3.17	0.00
171	8.53	60208	67	41.25	3.18	0.00
173	8.36	60523	65	42.50	3.21	0.00
184	8.74	60404	65	39.96	3.20	0.00
180	8.69	60231	66	40.44	3.19	0.00
167	8.27	59969	65	44.37	3.19	0.00
174	8.35	59982	66	42.97	3.18	0.00
174	8.41	60329	66	42.57	3.17	0.00
175	8.25	60446	65	44.22	3.20	0.00
176	8.26	60607	66	45.02	3.20	0.00
166	8.07	60606	65	47.78	3.20	0.00
181	8.68	60296	66	40.77	3.18	0.00
171	8.34	60226	66	44.37	3.19	0.00
172	9.04	60285	65	38.19	3.19	0.00
182	8.92	60561	66	38.71	3.20	0.00
181	8.46	60663	66	42.04	3.21	0.00
127	6.14	43234	67	37.35	3.18	0.00
83	4.84	30628	66	31.18	3.16	0.00
91	4.44	31088	66	34.14	3.16	0.00
21	1.15	7280	65	18.47	1.91	0.00
3	0.28	1023	64	13.72	1.40	0.00
4	0.32	1131	63	14.23	1.51	0.00
