Avg_MHz	Busy%	IRQ	PkgTmp	PkgWatt	RAMWatt	RAM_%
4	0.31	1407	61	14.24	1.61	0.00
3	0.28	973	61	13.10	1.47	0.00
4	0.31	1052	61	13.13	1.43	0.00
3	0.28	818	62	12.78	1.36	0.00
37	1.79	1528	61	19.09	1.81	0.00
99	4.12	2141	63	38.25	2.50	0.00
95	4.14	2172	64	36.14	2.64	0.00
96	4.39	2057	64	31.03	2.64	0.00
91	4.19	3145	63	30.07	2.56	0.00
99	4.51	1905	63	30.68	2.55	0.00
96	4.23	2803	65	33.76	2.60	0.00
83	3.65	2346	65	36.17	2.36	0.00
79	3.50	4707	65	36.47	2.44	0.00
82	3.60	2025	64	36.90	2.43	0.00
130	6.69	2282	65	42.69	2.75	0.00
172	7.92	3735	65	43.27	2.89	0.00
183	7.89	6603	66	50.12	2.92	0.00
169	7.29	3192	65	48.53	2.89	0.00
174	8.03	14561	65	45.37	2.89	0.00
170	7.46	3384	65	44.01	2.84	0.00
186	8.21	4108	64	45.83	2.82	0.00
263	12.58	15142	64	52.18	3.18	0.00
284	12.76	4207	65	47.41	3.10	0.00
295	13.12	3810	65	48.08	3.16	0.00
338	15.63	10265	65	50.43	3.12	0.00
358	16.21	6159	65	54.67	3.10	0.00
390	17.15	10567	66	58.23	3.29	0.00
356	16.14	13354	65	60.78	3.27	0.00
356	15.79	4373	66	59.81	3.19	0.00
373	16.33	6479	65	65.68	3.27	0.00
447	19.68	8787	65	70.20	3.37	0.00
439	19.67	5395	66	68.27	3.13	0.00
441	20.02	12108	65	66.11	3.15	0.00
469	21.38	12162	65	71.36	3.33	0.00
431	19.53	15960	66	68.17	3.22	0.00
434	19.51	14956	66	70.38	3.31	0.00
493	22.72	28606	66	61.82	3.43	0.00
468	21.16	11285	66	61.58	3.27	0.00
483	21.45	19535	67	71.06	3.63	0.00
451	21.73	15749	67	71.76	3.45	0.00
456	20.74	9830	67	68.66	3.21	0.00
461	21.63	7320	68	69.39	3.24	0.00
459	21.68	9016	68	67.07	3.20	0.00
477	21.57	16797	67	66.69	3.67	0.00
469	21.17	6522	68	70.04	3.32	0.00
445	20.32	8451	67	66.86	3.26	0.00
499	22.39	19970	68	64.01	3.30	0.00
453	19.66	5644	68	69.97	3.23	0.00
473	22.46	26509	67	63.32	3.35	0.00
459	21.39	26599	67	68.57	3.28	0.00
447	19.84	19080	68	71.35	3.37	0.00
456	21.10	30956	67	63.68	3.76	0.00
481	21.67	18249	66	68.08	3.56	0.00
498	22.48	20201	68	63.26	4.34	0.00
473	20.90	14480	68	74.24	3.92	0.00
477	23.43	77837	68	76.68	7.14	0.00
535	23.22	31417	68	80.76	4.37	0.00
460	20.09	8998	68	73.06	3.26	0.00
467	21.48	8182	69	72.42	3.39	0.00
448	20.22	12914	70	73.29	3.22	0.00
472	21.51	14959	67	74.47	3.20	0.00
441	20.24	19361	68	67.98	3.19	0.00
447	20.08	15265	68	71.02	3.46	0.00
444	19.19	17954	67	71.89	3.22	0.00
471	20.17	15233	69	74.58	3.46	0.00
464	21.81	23324	68	66.57	3.41	0.00
465	20.21	8185	68	71.39	3.25	0.00
425	19.76	21974	69	67.73	3.42	0.00
465	20.78	22086	68	69.18	3.29	0.00
435	20.58	23170	68	71.48	3.29	0.00
455	22.31	17064	68	68.68	3.23	0.00
453	19.81	8309	69	71.99	3.51	0.00
440	20.76	27062	68	74.52	3.46	0.00
452	19.94	11183	68	70.97	3.29	0.00
471	20.66	11822	69	69.99	3.31	0.00
443	20.18	17464	70	69.48	3.39	0.00
454	19.75	8455	69	71.19	3.40	0.00
445	20.51	10131	69	70.05	3.27	0.00
469	20.45	10438	69	71.45	3.30	0.00
438	19.30	20461	69	70.90	3.33	0.00
473	20.92	17358	70	75.91	4.11	0.00
450	20.18	19939	68	72.10	3.88	0.00
459	20.83	7667	69	71.65	3.31	0.00
452	19.88	5511	68	69.00	3.24	0.00
455	20.86	15752	69	67.46	3.48	0.00
489	21.83	8990	70	77.28	3.31	0.00
441	19.53	22710	69	73.95	3.24	0.00
452	19.46	7848	70	73.49	3.26	0.00
435	19.51	12204	70	69.56	3.16	0.00
450	20.47	15562	70	72.34	3.41	0.00
469	21.15	11058	68	72.37	3.19	0.00
485	21.47	15949	69	71.71	3.77	0.00
462	20.08	15645	70	72.99	3.41	0.00
445	20.68	22837	70	72.14	3.57	0.00
463	21.82	11074	69	70.31	3.39	0.00
469	20.31	8541	69	70.64	3.41	0.00
459	20.56	12310	68	72.81	3.59	0.00
460	20.42	23301	70	75.69	4.20	0.00
487	22.51	15438	69	74.85	3.97	0.00
447	20.16	10807	69	71.58	3.34	0.00
491	22.23	14814	69	67.95	3.81	0.00
495	22.74	18749	70	72.75	3.66	0.00
459	21.39	21443	70	72.47	3.55	0.00
443	20.33	14794	70	67.61	3.39	0.00
460	20.28	14050	69	70.80	3.63	0.00
470	22.03	34463	69	67.11	3.55	0.00
474	20.42	21340	70	72.90	3.84	0.00
478	22.28	11105	70	63.26	3.62	0.00
493	21.80	34128	69	69.20	4.40	0.00
464	20.69	12235	69	67.50	3.24	0.00
472	22.13	10433	70	62.05	3.26	0.00
512	22.77	19669	70	67.33	3.72	0.00
488	22.42	37491	69	71.58	4.46	0.00
502	23.08	33842	69	75.19	4.23	0.00
565	24.50	100449	71	84.17	7.11	0.00
543	24.81	54140	71	79.90	5.30	0.00
563	24.67	60128	70	85.25	6.05	0.00
511	23.07	14295	71	78.73	3.82	0.00
476	21.78	25902	71	72.79	3.88	0.00
505	22.47	47911	71	77.05	4.77	0.00
449	19.44	16884	71	73.81	3.52	0.00
469	21.87	28600	71	69.05	3.71	0.00
418	18.88	20433	70	72.01	3.59	0.00
471	21.85	29268	71	73.36	3.98	0.00
450	20.67	9564	70	70.02	3.43	0.00
462	21.30	13888	71	72.82	3.64	0.00
458	20.25	18190	70	71.05	3.65	0.00
448	20.43	19385	70	71.16	3.74	0.00
459	20.34	19300	71	71.44	3.77	0.00
449	20.45	13128	70	69.73	3.40	0.00
487	21.86	18972	71	68.60	3.88	0.00
486	21.41	16110	71	67.78	3.74	0.00
388	18.13	13354	70	65.46	3.46	0.00
364	16.56	15237	71	63.59	3.51	0.00
350	15.84	16143	70	65.50	3.37	0.00
267	12.18	6712	71	55.82	3.22	0.00
281	12.35	4746	71	55.44	3.24	0.00
196	8.74	2915	70	42.76	3.11	0.00
194	9.27	3087	69	41.28	3.05	0.00
189	9.33	12981	70	47.41	3.15	0.00
123	5.77	4115	69	36.72	2.78	0.00
99	4.31	2412	69	40.80	2.61	0.00
102	4.39	2399	69	39.79	2.64	0.00
93	4.22	2037	68	35.67	2.57	0.00
97	4.36	2486	68	35.00	2.73	0.00
35	1.66	1744	66	20.91	1.86	0.00
3	0.29	965	66	15.43	1.60	0.00
3	0.29	1036	66	14.86	1.53	0.00
10	0.80	100	67	16.77	1.79	0.00
