Avg_MHz	Busy%	IRQ	PkgTmp	PkgWatt	RAMWatt	RAM_%
4	0.32	1316	62	14.54	1.44	0.00
3	0.29	1116	62	14.30	1.51	0.00
4	0.29	991	63	13.76	1.47	0.00
6	0.44	909	63	14.11	1.49	0.00
11	0.94	2845	63	21.63	2.56	0.00
12	0.99	2901	63	22.20	2.66	0.00
12	0.97	2713	62	21.70	2.62	0.00
12	0.98	2921	63	22.00	2.60	0.00
12	1.00	2767	63	21.86	2.61	0.00
12	1.03	3472	63	22.83	2.67	0.00
22	1.74	4370	63	24.83	2.94	0.00
20	1.67	4735	63	23.76	2.67	0.00
20	1.71	4798	63	23.91	2.69	0.00
21	1.78	4742	63	23.90	2.69	0.00
29	2.35	6283	63	26.99	3.01	0.00
28	2.33	6417	63	25.33	2.75	0.00
28	2.30	5236	64	24.96	2.77	0.00
28	2.37	5666	63	24.89	2.75	0.00
32	2.52	6681	63	25.24	2.75	0.00
36	3.02	8257	63	25.87	2.76	0.00
38	3.13	8202	63	25.50	2.69	0.00
38	3.15	8389	63	26.07	2.69	0.00
36	3.02	8052	65	25.53	2.67	0.00
41	3.37	8093	64	27.39	2.97	0.00
41	3.39	8484	64	27.70	2.91	0.00
46	3.85	9541	63	26.24	2.74	0.00
45	3.75	9350	62	26.12	2.66	0.00
45	3.79	10170	64	27.35	2.66	0.00
45	3.75	9877	63	26.83	2.71	0.00
44	3.71	10041	63	26.75	2.70	0.00
45	3.75	9416	62	26.81	2.71	0.00
44	3.65	9345	63	27.26	2.73	0.00
45	3.73	9814	63	26.90	2.68	0.00
48	3.97	9817	63	27.68	2.88	0.00
47	3.93	10208	63	27.96	2.87	0.00
48	3.99	10083	63	28.03	2.95	0.00
47	3.89	9698	63	27.35	2.82	0.00
45	3.77	9597	63	26.56	2.69	0.00
45	3.74	10053	63	27.07	2.69	0.00
47	3.89	10026	63	27.15	2.72	0.00
46	3.84	10064	63	27.31	2.72	0.00
44	3.70	9535	65	27.56	2.68	0.00
43	3.60	8587	65	27.27	2.68	0.00
43	3.57	8747	64	27.39	2.69	0.00
44	3.64	9461	64	27.31	2.68	0.00
43	3.62	10011	64	26.80	2.67	0.00
46	3.82	10130	63	27.17	2.70	0.00
45	3.78	10484	63	27.37	2.73	0.00
44	3.68	9693	63	26.98	2.66	0.00
45	3.75	10198	64	27.43	2.71	0.00
43	3.59	9272	63	27.15	2.73	0.00
45	3.74	9842	64	26.81	2.69	0.00
45	3.77	10169	64	27.31	2.74	0.00
45	3.77	9910	64	26.74	2.70	0.00
45	3.78	9960	64	26.46	2.68	0.00
45	3.75	10041	63	27.05	2.69	0.00
44	3.67	10290	63	26.76	2.69	0.00
45	3.75	9608	64	26.48	2.73	0.00
45	3.79	10336	64	27.22	2.74	0.00
45	3.74	10078	64	27.42	2.69	0.00
44	3.65	9366	63	26.55	2.63	0.00
44	3.68	10117	64	27.50	2.73	0.00
44	3.68	9812	64	27.37	2.74	0.00
46	3.81	9816	64	26.57	2.72	0.00
47	3.91	10252	63	27.39	2.72	0.00
46	3.85	10112	64	27.07	2.68	0.00
48	3.96	9968	62	26.92	2.65	0.00
45	3.79	10236	64	27.40	2.70	0.00
45	3.72	10051	63	27.19	2.70	0.00
45	3.79	9827	63	27.16	2.71	0.00
46	3.82	10341	65	27.72	2.72	0.00
45	3.79	10173	62	27.45	2.71	0.00
44	3.65	9638	64	26.77	2.68	0.00
43	3.59	8870	64	26.45	2.70	0.00
46	3.82	10527	63	27.68	2.76	0.00
46	3.83	9862	63	27.32	2.66	0.00
44	3.70	9993	62	27.16	2.70	0.00
48	4.02	9998	63	26.72	2.73	0.00
45	3.79	9984	63	27.04	2.67	0.00
45	3.76	10003	63	27.26	2.68	0.00
45	3.72	9704	65	26.84	2.71	0.00
45	3.72	9953	65	26.97	2.72	0.00
47	3.90	10126	65	27.34	2.75	0.00
46	3.83	9891	63	26.32	2.70	0.00
44	3.68	9722	64	26.63	2.66	0.00
42	3.52	9003	63	26.52	2.70	0.00
43	3.57	8768	63	27.29	2.70	0.00
43	3.55	8556	64	27.08	2.69	0.00
43	3.56	8692	63	27.18	2.71	0.00
42	3.50	8483	63	26.61	2.69	0.00
45	3.79	10008	63	27.11	2.68	0.00
45	3.79	10069	64	27.35	2.76	0.00
43	3.62	9565	62	27.23	2.74	0.00
45	3.76	10007	64	27.03	2.72	0.00
47	3.92	10237	65	26.98	2.74	0.00
45	3.72	9741	64	27.39	2.84	0.00
45	3.77	9640	63	27.08	2.86	0.00
46	3.80	9971	64	26.35	2.71	0.00
47	3.92	10163	63	26.40	2.73	0.00
48	3.99	10083	64	26.34	2.68	0.00
48	3.97	9813	64	26.08	2.69	0.00
49	4.11	10339	64	26.44	2.73	0.00
48	3.98	9942	64	26.12	2.70	0.00
46	3.88	10201	63	26.23	2.71	0.00
46	3.85	9819	64	26.27	2.69	0.00
46	3.81	9880	62	26.45	2.67	0.00
46	3.80	9607	64	26.10	2.64	0.00
47	3.91	9838	63	26.35	2.73	0.00
44	3.66	8958	63	26.30	2.71	0.00
44	3.69	9634	64	26.14	2.68	0.00
44	3.71	10092	63	26.19	2.72	0.00
45	3.72	9760	63	26.40	2.68	0.00
44	3.63	9454	64	26.26	2.69	0.00
45	3.75	9606	63	26.29	2.68	0.00
44	3.64	8738	63	26.58	2.68	0.00
45	3.73	9765	64	26.38	2.64	0.00
44	3.64	9684	63	26.01	2.67	0.00
45	3.77	9873	64	26.43	2.68	0.00
46	3.81	9717	63	26.12	2.63	0.00
45	3.74	9875	63	26.04	2.68	0.00
45	3.71	10117	64	26.01	2.62	0.00
47	3.92	10333	65	26.34	2.68	0.00
48	4.02	10002	63	26.28	2.70	0.00
50	4.14	10060	65	25.85	2.69	0.00
49	4.09	9844	64	25.86	2.64	0.00
49	4.11	10048	64	26.32	2.71	0.00
48	3.98	9777	63	26.09	2.67	0.00
45	3.76	9966	63	26.46	2.67	0.00
47	3.92	10307	63	26.70	2.73	0.00
46	3.87	9641	64	25.70	2.61	0.00
48	3.97	10063	64	25.95	2.69	0.00
47	3.94	9451	64	26.45	2.77	0.00
47	3.91	9681	64	26.05	2.67	0.00
47	3.89	10192	63	26.36	2.72	0.00
47	3.92	10024	63	26.42	2.71	0.00
46	3.82	9789	64	26.21	2.67	0.00
47	3.93	9929	63	25.72	2.64	0.00
45	3.79	10225	64	26.39	2.69	0.00
46	3.80	9976	64	26.17	2.67	0.00
45	3.77	9828	63	26.01	2.68	0.00
47	3.93	10132	63	25.99	2.68	0.00
46	3.81	9918	64	26.18	2.73	0.00
46	3.80	9754	64	25.95	2.63	0.00
48	3.97	10269	65	26.55	2.75	0.00
46	3.85	9833	65	26.36	2.73	0.00
45	3.78	9684	65	26.24	2.66	0.00
46	3.80	9944	64	26.37	2.72	0.00
46	3.82	10055	63	26.48	2.69	0.00
46	3.82	10049	64	26.44	2.69	0.00
46	3.84	9926	63	26.37	2.73	0.00
45	3.76	10124	65	26.53	2.72	0.00
45	3.79	10413	64	26.21	2.70	0.00
44	3.63	8776	65	26.17	2.72	0.00
43	3.61	8953	64	26.45	2.73	0.00
45	3.74	9235	64	25.57	2.65	0.00
44	3.71	9027	64	26.49	2.81	0.00
44	3.65	9688	64	26.81	2.67	0.00
45	3.74	9906	64	26.97	2.69	0.00
45	3.76	10101	64	27.30	2.73	0.00
45	3.74	10059	63	26.95	2.66	0.00
45	3.76	9894	63	27.00	2.66	0.00
44	3.71	10025	64	27.13	2.70	0.00
45	3.73	9898	64	26.89	2.68	0.00
46	3.84	9920	64	26.59	2.64	0.00
44	3.71	9784	63	26.96	2.69	0.00
46	3.83	9775	64	26.81	2.69	0.00
47	3.89	10221	65	26.27	2.68	0.00
47	3.91	10110	64	26.70	2.70	0.00
46	3.86	10206	65	26.86	2.71	0.00
44	3.69	9537	64	26.26	2.67	0.00
45	3.74	10119	64	27.18	2.71	0.00
45	3.77	10182	64	27.27	2.70	0.00
44	3.68	9466	64	26.34	2.64	0.00
43	3.61	9770	64	26.52	2.72	0.00
45	3.78	9876	63	26.86	2.68	0.00
46	3.80	9803	64	26.80	2.66	0.00
45	3.78	10204	63	27.04	2.70	0.00
45	3.79	10163	64	27.34	2.73	0.00
45	3.74	9795	63	26.85	2.70	0.00
44	3.67	10084	64	26.91	2.69	0.00
45	3.74	9642	65	26.03	2.67	0.00
45	3.74	9847	64	26.59	2.69	0.00
45	3.78	10013	63	26.69	2.68	0.00
45	3.75	9909	64	26.77	2.74	0.00
45	3.78	9818	63	26.60	2.80	0.00
47	3.88	9875	64	26.43	2.75	0.00
44	3.71	10172	64	26.76	2.67	0.00
44	3.64	8841	64	26.57	2.68	0.00
43	3.60	9084	62	27.30	2.72	0.00
42	3.53	8699	64	26.90	2.71	0.00
42	3.54	8554	63	26.74	2.70	0.00
43	3.63	10008	64	26.42	2.72	0.00
46	3.80	10104	63	26.64	2.72	0.00
45	3.78	10055	64	26.85	2.75	0.00
44	3.67	9790	63	26.77	2.69	0.00
43	3.60	9130	63	26.80	2.77	0.00
45	3.73	9771	63	26.83	2.68	0.00
45	3.74	9978	64	26.41	2.72	0.00
44	3.69	8734	63	25.89	2.73	0.00
46	3.80	9889	64	25.89	2.70	0.00
46	3.84	10073	64	26.32	2.76	0.00
48	4.01	10117	63	26.20	2.77	0.00
47	3.89	9935	63	26.04	2.76	0.00
46	3.87	10116	63	26.39	2.75	0.00
45	3.72	10249	63	26.31	2.70	0.00
46	3.87	9883	65	26.16	2.70	0.00
45	3.74	9951	63	26.63	2.72	0.00
47	3.90	9867	64	26.28	2.70	0.00
46	3.82	10056	62	26.38	2.68	0.00
46	3.80	10029	62	26.30	2.65	0.00
47	3.90	9998	64	26.45	2.68	0.00
45	3.77	9925	65	26.15	2.69	0.00
46	3.87	10056	64	26.54	2.73	0.00
46	3.84	10093	64	26.65	2.77	0.00
47	3.88	9756	64	26.03	2.65	0.00
46	3.85	9741	65	25.78	2.71	0.00
44	3.69	10062	65	26.63	2.72	0.00
43	3.61	9849	64	26.07	2.67	0.00
45	3.76	10351	65	26.15	2.73	0.00
46	3.81	10029	64	26.49	2.69	0.00
36	3.02	8234	65	25.55	2.71	0.00
38	3.17	8043	63	25.38	2.74	0.00
38	3.14	8623	63	26.31	2.79	0.00
36	3.01	7709	63	25.86	2.82	0.00
30	2.46	6600	65	25.32	2.84	0.00
27	2.25	5976	62	24.17	2.71	0.00
22	1.85	5123	63	23.72	2.67	0.00
20	1.70	4674	64	23.61	2.67	0.00
21	1.71	4891	64	24.00	2.74	0.00
19	1.56	4402	64	23.14	2.65	0.00
12	1.00	2994	64	22.35	2.65	0.00
12	1.01	3120	65	22.34	2.63	0.00
12	0.96	2639	64	21.59	2.57	0.00
13	1.06	2952	62	22.02	2.62	0.00
12	0.98	2841	63	21.89	2.64	0.00
12	1.02	2705	63	21.95	2.62	0.00
12	0.97	2687	61	21.49	2.58	0.00
4	0.30	1044	61	13.85	1.50	0.00
4	0.31	1208	61	13.98	1.45	0.00
4	0.32	573	61	14.07	1.48	0.00
