Avg_MHz	Busy%	IRQ	PkgTmp	PkgWatt	RAMWatt	RAM_%
4	0.30	1176	61	13.58	1.48	0.00
4	0.31	913	62	13.63	1.48	0.00
4	0.32	1126	61	13.74	1.52	0.00
4	0.37	1375	62	14.07	1.53	0.00
3	0.28	803	61	12.91	1.39	0.00
4	0.31	1306	62	13.85	1.48	0.00
3	0.29	993	60	13.06	1.48	0.00
4	0.30	1291	62	13.40	1.43	0.00
3	0.27	663	60	11.88	1.25	0.00
4	0.30	994	60	13.33	1.43	0.00
4	0.31	1331	61	13.85	1.47	0.00
4	0.31	731	60	12.54	1.38	0.00
4	0.33	1158	62	14.03	1.57	0.00
34	2.53	11103	63	25.20	2.94	0.00
37	2.65	12681	61	26.60	3.13	0.00
36	2.67	12808	63	26.65	3.13	0.00
36	2.65	12851	64	26.74	3.12	0.00
36	2.67	12605	62	26.46	3.13	0.00
36	2.63	12765	65	26.42	3.17	0.00
36	2.65	12475	63	26.54	3.15	0.00
37	2.67	12635	63	26.63	3.14	0.00
36	2.73	12802	63	26.77	3.15	0.00
36	2.72	12701	64	26.73	3.15	0.00
37	2.68	12817	63	26.74	3.14	0.00
35	2.72	12723	61	26.70	3.16	0.00
37	2.67	12945	63	26.88	3.13	0.00
36	2.66	12481	62	26.59	3.13	0.00
39	2.85	13089	62	27.02	3.16	0.00
66	4.83	23326	63	29.62	3.17	0.00
68	5.06	24062	63	29.83	3.17	0.00
69	5.08	24566	62	30.09	3.17	0.00
70	5.04	23903	62	29.89	3.17	0.00
69	5.08	24389	63	30.10	3.18	0.00
70	5.07	24219	62	30.01	3.18	0.00
70	4.97	24249	62	29.85	3.17	0.00
69	5.04	24044	61	29.77	3.18	0.00
69	5.07	24414	63	30.10	3.16	0.00
69	5.10	24383	64	30.07	3.17	0.00
69	4.98	23984	63	30.05	3.18	0.00
68	5.06	24394	62	30.07	3.18	0.00
70	5.03	24321	63	29.98	3.16	0.00
102	7.00	32583	64	32.63	3.17	0.00
105	7.51	35640	63	33.42	3.18	0.00
105	7.47	36057	65	33.90	3.17	0.00
107	7.44	35581	64	33.43	3.16	0.00
105	7.50	36070	65	33.93	3.15	0.00
112	7.52	35796	64	33.49	3.17	0.00
105	7.30	35680	64	33.50	3.18	0.00
106	7.46	36032	64	33.64	3.18	0.00
106	7.32	35822	63	33.64	3.17	0.00
105	7.40	35710	64	33.50	3.18	0.00
106	7.45	35703	65	33.62	3.19	0.00
135	9.25	43658	64	35.98	3.21	0.00
153	10.26	47046	64	36.28	3.19	0.00
148	9.90	47350	65	36.88	3.17	0.00
153	10.06	47370	65	36.52	3.16	0.00
145	9.92	47635	64	36.67	3.17	0.00
150	10.05	47448	65	36.69	3.18	0.00
143	9.77	47252	65	37.22	3.20	0.00
150	10.02	47447	63	36.70	3.16	0.00
146	9.80	47154	64	36.98	3.17	0.00
146	10.04	47302	64	36.61	3.20	0.00
144	9.93	47221	65	36.24	3.19	0.00
144	9.78	47534	63	37.04	3.18	0.00
150	10.08	47390	65	36.91	3.18	0.00
183	12.06	57515	64	39.42	3.18	0.00
196	12.73	58588	64	39.80	3.19	0.00
184	12.24	58944	65	40.16	3.18	0.00
180	12.22	58815	64	40.26	3.19	0.00
191	12.73	58934	65	39.77	3.17	0.00
186	12.36	58984	65	40.55	3.16	0.00
185	12.24	58476	64	40.03	3.18	0.00
186	12.39	59124	65	39.65	3.20	0.00
181	12.11	58443	64	39.90	3.16	0.00
180	12.15	58586	65	40.05	3.15	0.00
189	12.47	58554	64	39.93	3.17	0.00
185	12.25	58472	65	40.15	3.17	0.00
181	12.23	58610	65	39.91	3.18	0.00
195	12.65	58976	64	40.22	3.19	0.00
219	14.29	68465	65	42.92	3.22	0.00
237	14.81	69831	66	43.00	3.19	0.00
231	14.79	69625	65	43.20	3.24	0.00
224	14.80	70187	65	42.92	3.21	0.00
234	15.09	70453	65	42.86	3.17	0.00
224	14.73	70070	65	42.52	3.17	0.00
222	14.56	70473	65	43.11	3.22	0.00
219	14.53	70548	65	43.32	3.19	0.00
228	14.69	71686	65	42.71	3.21	0.00
222	14.58	70024	65	43.00	3.19	0.00
234	14.93	70728	66	43.07	3.21	0.00
244	15.97	76372	65	44.75	3.22	0.00
268	17.21	81693	65	46.27	3.26	0.00
276	17.30	81633	66	46.18	3.21	0.00
269	17.28	80806	65	46.16	3.25	0.00
280	17.46	81573	64	45.80	3.21	0.00
280	17.59	81964	65	45.83	3.21	0.00
267	16.97	81413	66	46.10	3.21	0.00
268	17.34	82154	66	46.31	3.22	0.00
266	17.10	81592	66	46.60	3.23	0.00
266	17.02	82311	65	46.38	3.21	0.00
269	17.11	81566	65	46.00	3.20	0.00
267	17.23	81317	65	46.48	3.21	0.00
292	18.27	85137	66	47.07	3.21	0.00
317	19.51	93939	66	49.04	3.19	0.00
317	19.88	93758	65	48.95	3.20	0.00
331	20.18	93159	66	48.95	3.20	0.00
322	19.79	92821	66	49.07	3.23	0.00
334	20.33	93339	66	49.04	3.25	0.00
335	20.58	93177	65	49.16	3.22	0.00
323	19.62	93027	65	49.13	3.20	0.00
316	19.49	91706	66	48.93	3.22	0.00
324	20.05	92313	65	48.62	3.23	0.00
315	19.63	93565	65	49.01	3.24	0.00
329	19.91	93451	65	48.43	3.25	0.00
322	20.16	93239	65	48.69	3.23	0.00
315	19.51	92770	66	49.05	3.22	0.00
328	19.94	92918	66	48.58	3.23	0.00
329	20.00	93165	67	48.79	3.26	0.00
319	19.87	94007	67	48.70	3.26	0.00
321	19.74	92765	66	48.59	3.27	0.00
320	19.81	93859	65	48.59	3.28	0.00
307	19.32	93522	66	49.19	3.26	0.00
318	19.52	92979	66	48.68	3.29	0.00
330	20.02	92858	68	48.38	3.44	0.00
331	19.88	93431	66	48.51	3.75	0.00
319	19.69	93011	66	48.56	3.52	0.00
322	19.59	93957	66	49.04	3.33	0.00
318	19.68	92851	66	48.94	3.31	0.00
311	19.56	92010	65	48.73	3.35	0.00
323	19.65	92537	68	48.48	3.60	0.00
334	19.83	93580	66	48.70	3.77	0.00
333	20.10	93488	67	48.45	3.76	0.00
325	19.66	93051	67	48.82	3.78	0.00
324	19.41	93324	66	48.68	3.80	0.00
345	20.45	94030	66	48.41	3.81	0.00
330	19.93	93202	66	48.43	3.76	0.00
337	20.23	93609	67	47.91	3.81	0.00
327	19.75	94527	66	48.63	3.80	0.00
330	19.93	93762	66	48.30	3.83	0.00
342	20.26	93674	67	48.76	3.83	0.00
341	20.18	92915	66	48.31	3.70	0.00
347	19.68	93415	68	48.37	4.27	0.00
348	20.01	93592	66	48.26	4.30	0.00
341	19.71	92743	67	48.25	4.31	0.00
345	20.45	93069	67	48.39	3.79	0.00
327	19.61	93170	66	48.39	3.81	0.00
328	20.01	93923	67	49.00	3.81	0.00
329	19.97	93338	68	48.94	3.81	0.00
341	20.09	95095	67	48.71	3.81	0.00
341	20.24	92562	67	48.32	3.83	0.00
333	19.99	93954	66	48.78	3.81	0.00
341	20.37	94060	67	48.35	3.86	0.00
337	20.30	93281	66	48.30	3.78	0.00
329	20.03	93552	67	48.38	3.81	0.00
354	20.83	93329	67	48.64	3.73	0.00
325	19.85	92899	66	49.30	3.37	0.00
340	20.07	93322	66	48.63	3.72	0.00
363	20.72	93512	68	48.26	4.06	0.00
334	20.09	93131	66	48.58	3.53	0.00
328	19.85	93698	66	49.11	3.51	0.00
325	19.76	92966	67	48.54	3.75	0.00
330	19.84	93383	67	48.56	3.80	0.00
322	19.97	93022	67	48.88	3.52	0.00
333	20.32	93095	68	48.47	3.44	0.00
320	19.61	93994	67	49.44	3.50	0.00
306	19.34	93015	67	49.48	3.50	0.00
319	19.86	93290	68	49.47	3.49	0.00
333	20.17	93241	66	48.68	3.54	0.00
351	20.77	92698	68	48.47	3.80	0.00
320	19.85	93896	68	49.17	3.42	0.00
345	20.50	93403	68	49.15	3.77	0.00
338	20.33	93028	66	48.72	3.78	0.00
336	19.95	95043	68	48.63	3.78	0.00
337	20.08	93235	67	48.71	3.78	0.00
326	19.62	92717	67	48.94	3.81	0.00
335	20.12	93741	67	48.89	3.76	0.00
335	20.14	93361	67	48.79	3.82	0.00
331	19.95	92762	67	48.25	3.77	0.00
333	19.97	93614	67	48.59	3.76	0.00
332	20.12	93451	67	48.91	3.83	0.00
328	19.68	94658	67	49.03	3.84	0.00
340	20.42	92828	66	48.60	3.77	0.00
340	20.23	93250	67	48.57	3.71	0.00
319	19.69	93269	67	49.05	3.48	0.00
316	19.71	93334	66	49.69	3.47	0.00
321	19.64	93937	68	49.59	3.43	0.00
315	19.87	93123	68	49.25	3.29	0.00
313	19.73	92965	67	49.05	3.50	0.00
324	19.78	93017	68	48.83	3.51	0.00
324	20.13	93605	66	49.84	3.55	0.00
344	20.41	92930	67	48.92	3.74	0.00
337	20.17	93174	67	48.73	3.80	0.00
327	19.88	93864	68	49.26	3.84	0.00
339	20.17	92348	68	48.78	3.83	0.00
333	20.09	93226	68	48.67	3.75	0.00
327	19.88	92960	67	48.83	3.78	0.00
324	19.94	93277	68	48.49	3.72	0.00
343	20.28	93230	67	48.56	3.77	0.00
333	20.33	92819	67	48.51	3.38	0.00
326	20.03	93268	67	48.84	3.40	0.00
321	20.02	92968	68	48.61	3.37	0.00
327	20.36	92658	67	48.70	3.39	0.00
331	20.09	92588	68	48.94	3.39	0.00
329	20.18	92925	67	49.00	3.36	0.00
322	19.85	92521	68	48.98	3.36	0.00
320	19.99	93436	67	48.67	3.41	0.00
342	20.79	93186	68	48.93	3.40	0.00
322	19.61	92753	68	49.04	3.41	0.00
328	20.19	92686	67	48.88	3.44	0.00
313	19.77	93598	67	49.31	3.43	0.00
323	19.93	93250	68	48.93	3.40	0.00
328	20.12	92644	68	49.11	3.44	0.00
318	19.85	93061	68	49.48	3.44	0.00
315	19.55	93770	68	49.39	3.45	0.00
318	19.78	92554	68	49.15	3.24	0.00
318	19.85	93716	68	49.46	3.26	0.00
324	20.13	93080	68	49.44	3.26	0.00
314	19.45	93720	68	49.67	3.23	0.00
319	20.00	93383	68	49.37	3.24	0.00
337	20.54	93306	68	49.12	3.22	0.00
315	19.71	93575	68	49.43	3.23	0.00
315	19.84	92916	67	49.50	3.24	0.00
313	19.59	93058	67	49.55	3.23	0.00
329	20.31	93658	68	49.28	3.24	0.00
312	19.73	93354	67	49.35	3.24	0.00
314	19.61	93326	67	49.17	3.20	0.00
322	19.99	93199	68	49.24	3.22	0.00
315	19.79	93234	67	49.20	3.25	0.00
331	20.57	92858	67	48.90	3.24	0.00
317	20.15	93469	68	49.00	3.21	0.00
309	19.51	93233	68	48.97	3.24	0.00
317	19.62	91293	68	49.31	3.24	0.00
321	20.10	92353	68	49.32	3.21	0.00
320	20.04	93326	68	49.70	3.23	0.00
321	19.97	93361	68	49.32	3.26	0.00
324	20.10	92894	68	48.90	3.25	0.00
317	19.68	93201	67	49.28	3.22	0.00
316	19.70	92616	68	48.96	3.23	0.00
309	19.59	91983	67	48.98	3.21	0.00
315	19.76	92535	68	49.67	3.27	0.00
322	19.96	92573	67	49.27	3.30	0.00
312	19.79	92693	66	49.10	3.23	0.00
328	20.16	93196	67	49.51	3.26	0.00
311	19.71	93194	68	49.87	3.30	0.00
309	19.39	94671	67	49.53	3.25	0.00
316	19.62	93580	67	49.67	3.25	0.00
318	19.78	92067	68	49.36	3.22	0.00
313	19.83	93084	67	49.14	3.22	0.00
318	19.96	93497	67	49.22	3.24	0.00
330	20.10	93234	67	48.93	3.27	0.00
319	19.77	92625	67	49.15	3.24	0.00
332	20.20	92398	67	48.76	3.24	0.00
313	19.73	92916	68	49.53	3.26	0.00
329	20.22	93379	68	48.89	3.27	0.00
322	19.91	93074	67	49.31	3.25	0.00
318	19.94	92979	67	48.79	3.23	0.00
314	19.51	93822	67	49.28	3.28	0.00
313	19.86	92328	68	49.35	3.27	0.00
325	20.10	93881	68	49.61	3.28	0.00
326	20.08	93565	67	49.53	3.29	0.00
314	19.66	93496	67	49.59	3.28	0.00
326	20.19	93797	68	49.66	3.31	0.00
315	19.73	92627	67	49.13	3.28	0.00
326	20.29	93463	66	48.91	3.25	0.00
312	19.70	93241	67	49.17	3.24	0.00
314	19.73	92962	66	49.61	3.26	0.00
320	19.66	93455	67	49.72	3.27	0.00
316	19.71	93307	67	49.39	3.26	0.00
319	19.85	92600	68	49.48	3.29	0.00
316	19.72	93077	68	49.39	3.27	0.00
316	19.60	92652	67	48.99	3.25	0.00
311	19.51	94435	67	49.55	3.25	0.00
316	19.83	92908	67	49.43	3.26	0.00
315	19.61	93230	68	49.16	3.26	0.00
311	19.50	92422	67	49.66	3.25	0.00
325	20.27	93259	67	49.54	3.26	0.00
310	19.42	93905	68	49.66	3.26	0.00
327	20.15	93133	68	48.87	3.24	0.00
323	20.01	93302	67	49.26	3.32	0.00
326	19.93	93002	67	49.24	3.28	0.00
318	19.91	93067	66	49.13	3.27	0.00
320	19.91	93202	66	49.14	3.25	0.00
311	19.56	92068	66	49.15	3.25	0.00
318	19.74	93225	67	49.11	3.26	0.00
330	20.55	94130	68	49.09	3.24	0.00
321	19.94	94145	68	49.52	3.28	0.00
306	19.36	94061	68	49.40	3.28	0.00
330	20.37	93555	66	49.20	3.30	0.00
331	20.34	93342	66	49.08	3.25	0.00
320	20.03	92677	68	49.23	3.23	0.00
322	20.12	93180	68	49.42	3.27	0.00
316	19.81	92989	67	49.56	3.27	0.00
311	19.59	93398	67	49.44	3.26	0.00
342	20.95	93755	67	49.17	3.28	0.00
323	19.95	93257	67	49.87	3.28	0.00
319	19.90	93529	67	49.37	3.25	0.00
326	19.87	92865	67	49.40	3.29	0.00
313	19.46	92998	67	49.51	3.28	0.00
311	19.53	92579	66	49.60	3.25	0.00
320	20.16	92874	67	49.22	3.25	0.00
319	19.92	92949	68	49.71	3.29	0.00
317	19.84	93432	66	49.75	3.29	0.00
306	19.39	93186	67	49.77	3.27	0.00
314	19.77	93208	66	48.96	3.24	0.00
319	20.08	92967	67	49.44	3.24	0.00
318	19.85	93111	68	49.24	3.25	0.00
328	20.01	93354	67	49.34	3.28	0.00
326	20.05	93886	67	49.52	3.25	0.00
320	19.97	93950	66	49.44	3.26	0.00
336	20.50	93151	68	49.12	3.27	0.00
317	19.99	93335	68	49.31	3.26	0.00
327	20.09	91547	66	49.06	3.25	0.00
315	19.86	93137	65	49.33	3.25	0.00
325	20.09	93261	67	49.48	3.27	0.00
324	20.11	93125	68	48.76	3.27	0.00
333	20.34	93152	66	49.11	3.25	0.00
320	19.83	92790	67	49.22	3.27	0.00
327	19.95	92668	67	48.78	3.41	0.00
336	20.17	93630	69	49.32	3.44	0.00
325	19.91	92478	68	48.87	3.46	0.00
317	19.72	93556	67	49.45	3.35	0.00
314	19.43	93696	66	49.62	3.31	0.00
311	19.71	92864	67	49.41	3.44	0.00
328	20.06	93517	67	49.42	3.42	0.00
328	20.10	93253	67	48.96	3.40	0.00
325	19.95	93458	67	49.48	3.44	0.00
330	20.25	93636	67	49.41	3.41	0.00
332	20.08	93427	67	49.06	3.44	0.00
334	20.07	93380	67	49.07	3.47	0.00
342	20.65	93468	67	48.69	3.40	0.00
321	19.90	93789	68	49.44	3.35	0.00
323	19.79	93161	67	49.25	3.44	0.00
336	20.44	92404	67	49.04	3.45	0.00
334	20.23	93661	67	48.89	3.41	0.00
321	19.91	94261	67	49.39	3.38	0.00
321	19.78	92922	68	49.70	3.42	0.00
331	20.32	93527	67	49.16	3.38	0.00
333	20.54	93629	67	49.44	3.28	0.00
326	19.92	93449	67	49.41	3.29	0.00
332	20.29	92595	68	48.87	3.43	0.00
328	19.86	93129	67	49.38	3.41	0.00
320	20.01	93504	67	49.24	3.47	0.00
319	19.92	93721	67	49.07	3.44	0.00
312	19.69	93068	66	49.04	3.43	0.00
321	19.82	92840	67	49.31	3.39	0.00
324	19.96	93197	66	49.23	3.39	0.00
331	20.18	93529	68	48.89	3.38	0.00
323	19.98	92839	68	48.86	3.41	0.00
331	20.05	93807	68	49.41	3.42	0.00
330	20.08	92621	68	48.66	3.38	0.00
324	20.03	92982	67	48.96	3.42	0.00
319	19.97	93004	67	49.63	3.48	0.00
326	20.46	92743	67	49.41	3.35	0.00
322	19.84	93520	67	49.37	3.31	0.00
327	20.34	93956	68	49.36	3.42	0.00
332	20.37	93369	67	48.95	3.46	0.00
323	19.65	92659	68	49.40	3.44	0.00
316	19.89	93576	67	49.10	3.44	0.00
336	19.98	93290	67	48.47	3.61	0.00
320	20.04	93098	68	49.31	3.48	0.00
329	20.16	93249	67	48.84	3.51	0.00
335	20.19	92848	67	48.91	3.53	0.00
318	19.84	93227	68	49.52	3.53	0.00
339	20.46	92762	67	49.57	3.51	0.00
335	20.42	93472	68	49.91	3.43	0.00
337	20.41	93209	67	49.36	3.49	0.00
332	20.20	94065	68	49.47	3.49	0.00
329	20.05	92797	67	48.98	3.46	0.00
338	20.56	93071	67	49.22	3.47	0.00
337	20.39	93475	67	49.29	3.38	0.00
317	20.21	92958	66	49.18	3.25	0.00
320	19.89	93112	66	49.07	3.27	0.00
322	20.10	93505	67	49.22	3.30	0.00
313	19.18	93235	67	49.41	3.44	0.00
317	19.79	92853	67	49.52	3.43	0.00
325	19.86	93123	67	48.94	3.47	0.00
342	20.49	92660	67	48.49	3.45	0.00
341	20.51	93070	67	48.26	3.39	0.00
323	19.94	92690	66	49.59	3.46	0.00
329	20.10	94261	67	49.60	3.28	0.00
325	20.04	93521	66	49.17	3.29	0.00
334	20.36	93186	67	49.01	3.43	0.00
329	19.95	94066	67	49.32	3.40	0.00
329	20.16	92693	67	48.99	3.50	0.00
320	20.07	93135	67	49.16	3.43	0.00
318	19.97	92725	66	49.12	3.32	0.00
312	19.39	93083	67	49.35	3.47	0.00
327	20.11	93269	68	49.31	3.44	0.00
332	20.23	92644	68	49.21	3.41	0.00
323	19.97	92569	67	49.42	3.27	0.00
324	19.85	93789	68	49.22	3.45	0.00
327	20.17	93502	68	48.85	3.42	0.00
323	19.87	92493	68	49.08	3.38	0.00
321	20.14	93291	68	48.41	3.47	0.00
322	20.07	93422	67	49.56	3.31	0.00
320	20.04	93109	67	49.40	3.32	0.00
329	20.11	93179	68	49.11	3.48	0.00
327	20.16	93029	66	49.19	3.46	0.00
330	20.08	93869	66	48.70	3.44	0.00
330	20.12	93087	68	49.39	3.48	0.00
324	20.13	93440	66	49.01	3.44	0.00
328	20.23	92807	67	49.01	3.50	0.00
327	20.06	93950	67	49.47	3.55	0.00
336	20.40	92754	68	49.09	3.52	0.00
330	20.36	93160	68	49.30	3.53	0.00
326	20.02	92627	67	49.25	3.52	0.00
323	19.95	94112	67	49.36	3.40	0.00
340	20.33	92065	67	49.08	3.39	0.00
319	19.59	93501	66	49.41	3.45	0.00
313	19.55	93977	68	49.62	3.47	0.00
327	20.17	93089	67	48.90	3.42	0.00
325	20.15	92845	67	48.78	3.46	0.00
335	20.59	92901	68	48.68	3.44	0.00
355	21.16	93283	67	48.73	3.38	0.00
331	20.21	92408	68	49.32	3.36	0.00
330	20.38	92928	67	48.90	3.27	0.00
329	20.30	93309	67	49.26	3.26	0.00
316	19.68	92996	67	49.63	3.29	0.00
330	20.09	94062	67	49.43	3.32	0.00
318	19.90	92705	67	49.67	3.30	0.00
320	19.86	92919	68	49.71	3.33	0.00
323	20.01	94100	67	49.71	3.32	0.00
317	19.53	93162	68	49.66	3.29	0.00
329	20.25	92927	67	49.50	3.29	0.00
311	19.37	91840	67	49.32	3.39	0.00
329	20.35	92957	67	49.09	3.28	0.00
308	19.56	95835	66	49.28	3.26	0.00
321	19.82	92917	67	49.37	3.28	0.00
317	19.84	93277	66	49.35	3.29	0.00
325	20.10	92865	66	48.99	3.28	0.00
318	19.81	93251	67	49.20	3.29	0.00
323	19.91	92766	67	49.42	3.31	0.00
314	19.74	92668	67	49.17	3.26	0.00
314	19.66	92995	67	49.38	3.28	0.00
317	19.74	92522	66	49.24	3.27	0.00
314	19.76	94091	67	49.70	3.26	0.00
324	20.18	92867	67	49.39	3.34	0.00
324	20.06	93216	66	48.89	3.34	0.00
322	19.74	93377	66	49.48	3.34	0.00
320	19.98	92945	67	49.14	3.27	0.00
316	19.66	93758	67	49.49	3.29	0.00
318	19.72	93917	68	49.46	3.29	0.00
313	19.56	92910	66	49.72	3.29	0.00
314	19.75	93146	67	49.10	3.26	0.00
326	20.06	93146	66	49.22	3.27	0.00
326	20.14	93671	65	49.31	3.28	0.00
309	19.60	93742	67	49.48	3.27	0.00
313	19.89	92865	66	49.25	3.26	0.00
315	19.66	93479	67	49.12	3.28	0.00
318	19.82	94460	67	49.62	3.29	0.00
318	19.84	93312	66	49.36	3.28	0.00
315	19.53	94023	66	49.25	3.26	0.00
321	20.03	93373	65	49.25	3.33	0.00
324	19.98	94220	66	49.64	3.35	0.00
335	20.58	92660	67	49.43	3.31	0.00
320	20.12	93913	66	49.58	3.26	0.00
316	19.74	94861	67	49.61	3.25	0.00
324	20.05	93161	66	49.13	3.26	0.00
316	19.91	92792	66	48.76	3.27	0.00
330	20.29	92784	65	49.12	3.28	0.00
333	20.70	93156	65	49.67	3.24	0.00
321	19.85	93141	67	49.45	3.50	0.00
328	20.24	93625	67	49.46	3.35	0.00
319	20.03	93385	66	49.63	3.30	0.00
329	20.26	93250	66	49.11	3.27	0.00
333	20.42	93285	66	49.05	3.30	0.00
334	20.34	93284	66	49.53	3.28	0.00
317	19.79	94623	65	49.69	3.30	0.00
310	19.56	92012	67	49.78	3.29	0.00
324	20.03	93193	67	49.72	3.30	0.00
316	19.60	92757	66	49.25	3.28	0.00
323	20.15	93523	67	49.65	3.27	0.00
321	19.95	92767	65	49.52	3.48	0.00
320	19.81	92998	68	49.43	3.41	0.00
329	20.02	92951	66	49.19	3.55	0.00
327	20.20	93153	67	49.43	3.37	0.00
327	20.33	93667	68	49.22	3.27	0.00
322	19.80	92792	66	49.20	3.57	0.00
328	20.07	93002	66	49.27	3.53	0.00
339	20.32	92917	67	48.74	3.41	0.00
328	20.02	93166	68	49.50	3.53	0.00
317	19.81	92772	66	49.50	3.55	0.00
316	19.68	92685	66	49.57	3.49	0.00
332	19.95	93431	65	49.61	3.51	0.00
333	20.44	93344	66	49.72	3.53	0.00
314	19.58	93495	66	49.44	3.52	0.00
324	19.93	92762	65	49.50	3.53	0.00
327	19.84	93298	66	49.41	3.56	0.00
341	20.59	93204	68	49.31	3.53	0.00
326	19.91	93670	67	49.47	3.55	0.00
321	19.83	92862	66	49.55	3.51	0.00
327	20.00	93110	66	49.47	3.54	0.00
329	20.17	93553	66	49.32	3.50	0.00
325	20.20	92810	66	49.15	3.55	0.00
313	19.55	92686	66	49.50	3.40	0.00
317	19.90	93394	67	49.26	3.30	0.00
319	19.91	92969	66	49.72	3.31	0.00
329	20.09	93115	66	49.62	3.29	0.00
320	20.02	92963	66	49.35	3.41	0.00
326	20.05	93270	66	49.53	3.51	0.00
324	20.00	94820	67	49.30	3.46	0.00
333	20.17	92672	67	49.71	3.56	0.00
344	20.71	93721	66	49.34	3.62	0.00
328	20.43	93490	65	49.58	3.52	0.00
334	20.41	93165	66	49.15	3.48	0.00
328	20.04	93845	66	49.46	3.53	0.00
333	20.31	93463	65	49.38	3.50	0.00
323	19.82	93748	67	49.78	3.47	0.00
327	20.07	93220	65	49.50	3.43	0.00
330	20.23	93601	68	49.37	3.48	0.00
315	19.71	92674	66	49.34	3.47	0.00
325	19.79	93241	66	49.45	3.40	0.00
320	19.84	93649	66	49.63	3.45	0.00
330	20.14	93193	68	49.04	3.48	0.00
322	20.09	93618	67	49.47	3.49	0.00
342	20.51	94243	67	49.25	3.49	0.00
322	19.97	93022	67	49.51	3.48	0.00
327	20.13	93650	66	49.78	3.50	0.00
323	19.94	93323	66	49.40	3.42	0.00
317	19.86	92972	66	49.66	3.30	0.00
322	19.97	93104	66	49.79	3.40	0.00
323	19.94	92963	66	49.55	3.54	0.00
324	19.82	92757	66	49.28	3.35	0.00
324	20.10	93331	66	49.49	3.49	0.00
326	20.26	93429	66	48.85	3.51	0.00
324	19.87	93374	67	49.18	3.53	0.00
341	20.25	93558	66	49.24	3.92	0.00
320	19.79	93409	65	49.56	3.54	0.00
322	20.21	93157	66	49.36	3.50	0.00
322	19.96	93302	66	49.27	3.56	0.00
337	20.34	93043	65	49.23	3.49	0.00
324	19.86	93216	66	49.37	3.50	0.00
325	19.96	93403	65	49.68	3.46	0.00
321	19.77	93560	66	49.77	3.40	0.00
327	20.14	92605	66	49.44	3.52	0.00
328	19.97	94021	66	49.31	3.47	0.00
321	19.87	92695	66	49.74	3.48	0.00
333	20.46	93091	66	49.64	3.49	0.00
335	20.43	93253	65	48.91	3.50	0.00
328	20.08	92559	66	49.40	3.52	0.00
335	20.29	93233	66	49.76	3.54	0.00
321	19.87	92728	66	49.69	3.53	0.00
332	20.37	93027	66	49.60	3.45	0.00
340	20.46	93758	66	49.26	3.61	0.00
330	20.39	94090	66	49.70	3.59	0.00
317	19.65	94337	65	49.90	3.55	0.00
314	19.61	93777	66	49.42	3.42	0.00
331	20.15	93454	66	49.47	3.57	0.00
329	20.37	93480	66	49.48	3.54	0.00
341	20.69	93178	66	49.17	3.53	0.00
341	20.60	93717	66	49.76	3.57	0.00
325	20.21	93540	65	49.82	3.56	0.00
335	20.62	93023	66	49.28	3.56	0.00
315	19.69	93549	65	49.80	3.54	0.00
337	20.58	93098	66	49.06	3.52	0.00
333	20.32	92649	66	49.42	3.46	0.00
323	20.13	92785	66	49.80	3.25	0.00
334	20.27	93279	65	49.97	3.54	0.00
327	20.24	93535	66	49.55	3.57	0.00
330	20.28	93252	65	49.51	3.53	0.00
326	20.18	93194	66	49.64	3.53	0.00
324	19.85	93279	66	49.54	3.51	0.00
324	19.92	93334	66	49.83	3.43	0.00
325	20.02	93282	66	49.40	3.53	0.00
316	19.86	93596	67	49.84	3.51	0.00
327	20.25	93174	67	50.14	3.51	0.00
323	19.95	93193	68	49.81	3.54	0.00
329	20.11	92973	67	49.99	3.54	0.00
323	20.16	92653	67	49.51	3.54	0.00
332	20.34	92542	67	49.88	3.57	0.00
324	20.01	93673	66	49.89	3.50	0.00
329	20.25	92655	66	49.68	3.54	0.00
321	19.92	94070	66	49.86	3.55	0.00
334	20.22	92250	66	49.57	3.55	0.00
314	19.42	92638	65	50.08	3.52	0.00
320	19.79	92951	66	49.65	3.54	0.00
311	19.53	94155	66	50.47	3.34	0.00
324	19.87	93522	66	49.76	3.44	0.00
335	20.30	92802	66	49.28	3.30	0.00
330	20.13	93194	66	49.67	3.58	0.00
316	19.77	92888	65	49.74	3.54	0.00
327	20.04	93370	67	49.74	3.56	0.00
327	20.22	93409	66	49.79	3.52	0.00
324	19.90	93450	67	49.74	3.56	0.00
335	20.31	93173	67	49.40	3.58	0.00
322	19.87	93745	68	49.89	3.56	0.00
313	19.64	92672	66	49.75	3.58	0.00
320	20.03	94012	66	49.83	3.60	0.00
322	19.93	93155	67	49.51	3.27	0.00
326	19.78	93515	67	49.65	3.58	0.00
320	19.75	93752	67	49.85	3.57	0.00
333	20.11	94460	67	49.73	3.59	0.00
344	20.50	94028	66	49.53	3.57	0.00
321	19.72	93052	67	49.96	3.53	0.00
333	20.19	93516	66	49.71	3.54	0.00
314	19.81	93660	66	49.55	3.52	0.00
330	20.24	93076	68	49.89	3.56	0.00
314	19.82	93174	67	50.16	3.50	0.00
330	20.05	93592	66	49.46	3.54	0.00
328	19.99	92904	67	49.78	3.52	0.00
322	19.99	93194	66	49.74	3.58	0.00
330	20.25	93622	67	49.92	3.51	0.00
332	20.23	92647	67	49.51	3.50	0.00
330	20.63	93183	67	49.47	3.54	0.00
336	20.35	93596	67	49.80	3.54	0.00
328	20.32	93646	67	49.65	3.30	0.00
333	20.22	92873	67	49.42	3.43	0.00
326	19.86	93597	67	49.97	3.56	0.00
325	19.96	93758	66	49.82	3.52	0.00
317	19.62	92595	66	49.92	3.55	0.00
317	19.79	92939	67	49.52	3.53	0.00
323	19.82	92707	67	49.70	3.53	0.00
332	20.35	93000	68	49.55	3.58	0.00
329	20.29	93019	67	48.95	3.52	0.00
322	19.83	93349	67	49.44	3.55	0.00
329	19.98	92398	68	49.52	3.57	0.00
332	20.01	93338	67	49.82	3.59	0.00
329	20.10	93708	67	49.63	3.55	0.00
320	19.70	93415	67	49.49	3.54	0.00
329	20.16	92834	67	49.45	3.55	0.00
327	19.98	93014	67	49.87	3.54	0.00
328	20.21	93266	67	49.28	3.53	0.00
325	20.08	93592	67	49.83	3.54	0.00
322	19.93	93573	67	49.72	3.56	0.00
330	20.22	93879	68	49.42	3.54	0.00
343	20.49	93047	67	49.62	3.56	0.00
327	19.95	94040	67	49.95	3.62	0.00
329	20.15	93807	67	49.60	3.62	0.00
323	19.99	92734	68	49.94	3.54	0.00
327	19.80	93246	68	50.08	3.55	0.00
323	19.83	93808	66	49.85	3.54	0.00
322	19.81	93598	67	49.68	3.52	0.00
313	19.82	94448	66	50.03	3.54	0.00
328	20.18	93464	67	49.55	3.50	0.00
326	20.03	92965	67	49.48	3.50	0.00
326	20.00	94187	67	49.65	3.66	0.00
329	20.05	92639	67	49.78	3.56	0.00
319	19.74	92634	68	49.88	3.56	0.00
332	20.32	93999	67	49.91	3.56	0.00
333	20.28	93254	68	49.64	3.61	0.00
325	20.04	93461	67	49.67	3.48	0.00
322	19.85	93171	68	49.34	3.30	0.00
332	20.10	92516	68	49.75	3.54	0.00
328	19.98	93486	67	49.63	3.52	0.00
332	20.43	93108	66	49.60	3.53	0.00
319	19.74	93046	68	49.32	3.56	0.00
318	19.64	93842	67	49.92	3.61	0.00
324	19.88	92930	68	49.73	3.56	0.00
333	20.34	92999	66	49.46	3.54	0.00
310	19.59	93526	67	50.00	3.55	0.00
336	20.32	93468	67	49.66	3.53	0.00
327	20.13	92973	68	49.89	3.55	0.00
334	20.42	93374	68	49.80	3.54	0.00
331	20.15	94272	68	49.63	3.53	0.00
324	19.86	93210	68	49.34	3.51	0.00
334	20.34	92910	67	49.61	3.47	0.00
343	20.75	93274	68	49.29	3.48	0.00
337	20.44	93669	67	49.59	3.48	0.00
336	20.64	93422	68	49.45	3.53	0.00
331	20.29	93392	67	49.59	3.50	0.00
327	19.98	93857	68	49.89	3.52	0.00
320	19.70	92792	67	49.66	3.49	0.00
329	19.96	92725	68	49.81	3.52	0.00
323	20.16	93359	67	49.40	3.51	0.00
335	20.19	93968	68	49.72	3.51	0.00
322	19.95	92992	67	49.66	3.51	0.00
338	20.72	93032	68	49.29	3.53	0.00
325	19.95	92920	66	49.85	3.51	0.00
335	20.42	93341	67	49.43	3.52	0.00
328	20.09	93016	66	49.74	3.53	0.00
331	20.34	93337	67	49.36	3.49	0.00
328	20.11	92547	67	49.43	3.32	0.00
314	19.81	93303	67	49.51	3.27	0.00
329	20.31	92670	67	49.62	3.52	0.00
321	19.84	93808	67	49.70	3.48	0.00
329	20.07	93627	67	49.67	3.28	0.00
324	20.13	93218	66	49.34	3.46	0.00
328	19.96	95922	67	49.92	3.48	0.00
326	19.91	93513	67	49.88	3.45	0.00
337	20.50	92915	67	49.52	3.54	0.00
340	20.44	92938	67	49.01	3.51	0.00
341	20.42	91337	68	49.64	3.64	0.00
328	19.99	93493	67	49.73	3.78	0.00
327	19.90	93090	67	49.66	3.49	0.00
326	20.08	92725	67	49.49	3.51	0.00
320	19.77	93513	68	49.90	3.50	0.00
318	19.71	92573	68	49.71	3.37	0.00
315	19.52	93745	67	49.92	3.27	0.00
316	19.94	93441	66	49.85	3.26	0.00
321	19.72	93573	67	49.49	3.37	0.00
324	19.74	93644	67	49.85	3.48	0.00
316	19.86	92328	68	49.58	3.51	0.00
320	19.82	93684	68	49.32	3.53	0.00
339	20.34	92885	67	49.49	3.52	0.00
325	20.00	92571	67	49.65	3.54	0.00
330	20.21	93176	67	49.47	3.51	0.00
330	20.10	93307	67	49.56	3.55	0.00
328	20.08	93750	67	49.89	3.51	0.00
330	20.21	94429	67	49.72	3.49	0.00
339	20.46	92712	68	49.83	3.51	0.00
328	20.08	93513	68	49.74	3.50	0.00
325	19.88	92597	68	49.76	3.49	0.00
325	20.00	94137	68	49.86	3.38	0.00
319	19.75	92809	67	50.12	3.56	0.00
325	19.98	93176	67	49.91	3.51	0.00
318	19.78	93069	68	49.88	3.49	0.00
323	20.07	93450	68	49.63	3.51	0.00
322	20.04	93185	67	49.60	3.51	0.00
324	20.22	93044	68	49.49	3.53	0.00
337	20.36	93918	68	49.34	3.49	0.00
333	20.35	93282	67	49.68	3.46	0.00
327	19.99	93275	67	49.49	3.55	0.00
334	20.10	93238	67	49.90	3.57	0.00
337	20.53	92683	67	49.42	3.52	0.00
323	19.98	92384	67	50.20	3.54	0.00
333	20.24	92998	67	49.19	3.51	0.00
328	20.12	92934	67	49.88	3.53	0.00
327	20.16	93391	67	49.99	3.56	0.00
324	19.85	93179	67	49.46	3.51	0.00
333	20.39	93125	67	49.52	3.53	0.00
336	20.67	93239	67	49.32	3.52	0.00
328	20.09	92445	67	49.94	3.50	0.00
326	20.30	93014	67	50.07	3.49	0.00
329	20.09	93506	67	49.98	3.52	0.00
334	20.27	93332	67	49.80	3.62	0.00
325	19.83	93699	68	50.00	3.58	0.00
325	19.88	93603	68	49.59	3.48	0.00
320	20.03	93193	68	49.32	3.43	0.00
322	20.02	93104	68	49.37	3.44	0.00
333	19.99	94315	67	49.70	3.46	0.00
329	20.00	93915	67	49.58	3.46	0.00
341	20.53	93562	67	49.52	3.44	0.00
320	19.85	92965	67	49.64	3.49	0.00
332	20.36	93223	66	49.23	3.45	0.00
336	20.29	93453	68	49.56	3.53	0.00
320	19.97	93473	68	50.05	3.54	0.00
324	20.14	93302	67	49.80	3.59	0.00
329	20.30	92964	68	49.56	3.55	0.00
324	20.17	93409	68	49.99	3.58	0.00
338	20.30	93218	68	49.58	3.55	0.00
335	20.18	92868	67	49.78	3.57	0.00
351	20.59	93221	67	49.87	3.59	0.00
324	19.92	93287	67	50.07	3.61	0.00
319	19.76	92775	67	50.17	3.59	0.00
328	20.08	93134	67	49.87	3.55	0.00
330	20.16	93563	67	49.70	3.60	0.00
327	20.12	93243	67	49.70	3.60	0.00
329	20.06	93378	68	49.97	3.58	0.00
326	19.87	93434	66	49.98	3.58	0.00
334	20.09	93274	67	49.43	3.56	0.00
337	20.47	93116	67	49.63	3.54	0.00
321	20.18	93033	68	49.49	3.55	0.00
335	20.38	92534	68	49.83	3.50	0.00
331	20.17	93249	68	50.09	3.50	0.00
324	19.99	93761	67	50.19	3.59	0.00
326	20.04	92678	68	49.71	3.60	0.00
315	19.81	93690	67	49.77	3.58	0.00
331	20.27	93734	68	49.34	3.56	0.00
328	20.05	93287	68	49.46	3.52	0.00
315	19.78	93823	67	50.26	3.63	0.00
326	19.92	92946	68	49.79	3.58	0.00
334	20.20	92766	67	49.75	3.56	0.00
326	19.89	92689	67	49.88	3.56	0.00
335	20.11	92530	68	49.47	3.57	0.00
334	20.26	92842	68	49.89	3.38	0.00
329	20.15	93804	68	49.95	3.38	0.00
323	20.02	92837	68	49.61	3.36	0.00
322	19.70	92819	68	49.64	3.59	0.00
327	20.01	92824	67	49.58	3.59	0.00
323	19.98	93032	67	50.08	3.60	0.00
324	19.94	92385	67	49.81	3.59	0.00
333	20.39	94105	68	50.26	3.70	0.00
332	20.31	93252	68	49.47	3.59	0.00
331	20.32	93261	67	49.64	3.54	0.00
321	19.77	93179	67	49.66	3.57	0.00
325	20.18	92593	68	49.54	3.56	0.00
321	19.87	92664	68	50.27	3.58	0.00
328	20.20	93329	68	49.34	3.56	0.00
318	19.98	92709	67	49.68	3.57	0.00
329	20.14	93626	68	49.68	3.58	0.00
325	20.02	93635	68	49.78	3.60	0.00
345	20.78	93248	68	49.69	3.64	0.00
330	20.15	93252	67	49.74	3.64	0.00
319	19.62	93097	68	49.92	3.63	0.00
334	20.35	93473	68	50.12	3.58	0.00
337	20.42	93963	67	49.81	3.52	0.00
310	19.72	93284	67	49.35	3.32	0.00
317	19.93	93092	67	49.80	3.42	0.00
331	20.21	92687	68	49.45	3.57	0.00
326	20.17	92853	67	49.72	3.80	0.00
337	20.10	93352	68	49.72	4.12	0.00
337	20.34	93546	67	49.88	3.61	0.00
340	20.55	93134	67	49.82	3.56	0.00
338	20.42	94041	67	49.17	3.54	0.00
330	20.05	94360	67	49.69	3.57	0.00
326	20.08	93553	67	49.82	3.54	0.00
328	20.03	93197	67	50.31	3.57	0.00
333	20.26	93137	68	49.38	3.56	0.00
325	20.10	93795	67	49.79	3.63	0.00
317	19.65	93643	68	49.67	3.59	0.00
329	20.34	93828	67	49.48	3.59	0.00
343	20.36	92415	68	49.25	3.57	0.00
319	19.84	93564	67	49.94	3.56	0.00
340	20.48	93484	67	49.67	3.60	0.00
337	20.54	93802	67	49.81	3.55	0.00
325	19.89	93338	67	49.81	3.56	0.00
324	19.94	93307	68	50.07	3.58	0.00
332	20.30	93228	67	49.94	3.52	0.00
346	20.87	93483	68	49.52	3.46	0.00
322	19.91	92663	68	49.38	3.60	0.00
327	20.07	93166	67	49.82	3.56	0.00
331	20.32	93975	68	49.94	3.63	0.00
332	20.10	93811	68	49.90	3.57	0.00
329	20.15	92837	68	49.67	3.60	0.00
328	20.13	94026	67	49.82	3.60	0.00
333	20.43	92937	67	49.84	3.65	0.00
335	20.37	93393	67	49.71	3.64	0.00
322	20.08	93168	67	49.89	3.62	0.00
324	20.05	92601	68	49.10	3.69	0.00
330	20.40	93581	67	49.55	3.59	0.00
334	20.17	93038	67	49.55	3.56	0.00
318	19.64	93913	67	49.68	3.53	0.00
336	20.29	92815	67	49.45	3.55	0.00
339	20.51	94381	68	49.76	3.63	0.00
331	20.29	92862	67	49.50	3.55	0.00
333	20.18	92669	67	49.53	3.56	0.00
322	19.99	93617	67	49.57	3.57	0.00
331	20.35	92967	66	49.81	3.57	0.00
321	19.78	93759	68	49.69	3.57	0.00
334	20.61	92904	67	49.69	3.32	0.00
337	20.43	94394	67	49.41	3.39	0.00
329	20.02	93181	67	49.49	3.53	0.00
320	19.91	93361	68	49.79	3.56	0.00
325	19.88	93663	68	50.13	3.64	0.00
330	20.44	93434	67	49.18	3.57	0.00
317	19.59	93440	67	50.15	3.59	0.00
339	20.32	93347	67	49.29	3.56	0.00
344	20.41	92957	67	49.37	3.57	0.00
323	19.83	93438	67	49.59	3.60	0.00
315	19.71	92678	67	49.77	3.58	0.00
330	20.27	92989	67	49.49	3.57	0.00
321	19.93	93289	67	49.73	3.58	0.00
345	20.68	93541	67	49.72	3.54	0.00
336	20.45	92560	68	49.35	3.52	0.00
328	20.09	93169	68	49.65	3.60	0.00
339	20.70	93116	68	49.57	3.52	0.00
333	20.35	93063	68	49.46	3.58	0.00
329	19.97	93108	68	49.83	3.61	0.00
329	20.22	92999	67	49.16	3.53	0.00
318	19.88	92710	67	49.75	3.57	0.00
331	20.40	93057	67	49.67	3.56	0.00
341	20.67	93159	67	49.36	3.58	0.00
325	20.15	93003	68	49.22	3.58	0.00
334	20.48	93215	67	49.43	3.58	0.00
336	20.60	92788	67	49.58	3.50	0.00
325	20.05	92612	67	49.45	3.45	0.00
324	20.21	93307	68	49.41	3.62	0.00
332	20.13	94099	68	49.69	3.53	0.00
319	19.91	92743	67	49.52	3.52	0.00
320	19.85	93143	67	50.11	3.49	0.00
327	20.08	93645	68	49.31	3.60	0.00
331	20.48	93709	67	49.64	3.60	0.00
333	20.42	92997	67	49.97	3.63	0.00
332	19.99	93114	68	49.53	3.63	0.00
325	20.15	92953	68	49.39	3.60	0.00
323	19.64	93697	67	49.97	3.63	0.00
333	20.28	92744	68	49.67	3.58	0.00
330	20.29	93116	67	49.45	3.59	0.00
334	20.33	93033	68	49.64	3.58	0.00
327	19.87	93617	67	49.98	3.42	0.00
330	20.35	93542	68	49.63	3.45	0.00
311	19.43	93685	67	50.34	3.44	0.00
313	19.88	93250	68	50.26	3.43	0.00
314	19.80	94122	67	49.96	3.30	0.00
333	20.43	92453	67	49.57	3.34	0.00
326	19.99	93813	67	49.73	3.61	0.00
326	20.04	92668	67	49.59	3.61	0.00
334	20.47	92833	68	49.68	3.58	0.00
319	19.81	93479	67	49.25	3.61	0.00
330	20.12	93534	67	49.58	3.59	0.00
320	20.00	92735	67	49.85	3.56	0.00
336	20.54	92662	67	49.69	3.57	0.00
326	19.84	93840	67	49.83	3.59	0.00
332	20.39	93832	67	49.67	3.50	0.00
320	19.83	91869	67	49.47	3.54	0.00
336	20.43	93157	67	49.71	3.57	0.00
328	20.25	92984	67	49.55	3.57	0.00
325	20.13	93056	67	49.71	3.74	0.00
327	19.97	92529	68	50.01	3.71	0.00
323	20.01	92850	67	49.48	3.59	0.00
348	20.90	93137	67	49.59	3.59	0.00
334	20.51	93090	68	49.84	3.59	0.00
312	19.80	93288	67	50.00	3.60	0.00
320	19.94	93239	67	49.89	3.57	0.00
310	19.69	92936	67	49.53	3.40	0.00
329	20.06	93021	67	49.40	3.56	0.00
324	20.06	93885	68	49.67	3.56	0.00
330	20.05	93596	67	49.46	3.59	0.00
314	19.52	94572	67	49.67	3.35	0.00
328	20.24	93874	67	49.75	3.37	0.00
314	19.92	93188	68	49.43	3.34	0.00
321	19.76	92986	68	49.82	3.55	0.00
322	20.12	92817	67	49.43	3.47	0.00
326	20.18	92681	68	49.05	3.30	0.00
323	19.99	92913	68	49.31	3.33	0.00
326	20.02	93360	68	49.81	3.37	0.00
322	20.02	93402	68	49.42	3.33	0.00
316	19.88	92926	67	49.72	3.34	0.00
327	20.02	93430	67	49.77	3.48	0.00
319	19.86	93921	67	49.80	3.37	0.00
318	19.85	93038	67	49.59	3.38	0.00
323	19.78	93211	67	49.71	3.31	0.00
313	19.51	92881	68	49.91	3.32	0.00
307	19.51	93031	67	49.94	3.30	0.00
319	19.97	93179	68	49.80	3.38	0.00
322	19.97	93059	68	49.30	3.34	0.00
318	19.68	93220	68	49.93	3.40	0.00
326	20.11	93162	67	49.67	3.36	0.00
307	19.46	92774	68	49.83	3.31	0.00
324	20.01	93486	68	49.81	3.35	0.00
321	20.14	92931	67	49.60	3.31	0.00
318	19.78	93802	67	49.35	3.30	0.00
325	20.36	93849	67	48.82	3.30	0.00
315	19.96	92850	68	49.42	3.33	0.00
317	19.73	93081	68	48.98	3.47	0.00
325	20.26	93093	67	49.07	3.40	0.00
332	20.43	93986	67	49.51	3.42	0.00
322	19.83	93523	67	50.04	3.42	0.00
317	19.90	93664	67	49.69	3.39	0.00
322	19.78	93051	67	50.03	3.39	0.00
315	19.77	93499	67	50.13	3.36	0.00
324	20.06	93323	67	49.40	3.29	0.00
327	20.05	93682	68	49.45	3.29	0.00
318	19.78	94161	67	49.69	3.30	0.00
326	20.09	93516	67	49.47	3.33	0.00
321	20.08	93577	67	49.48	3.31	0.00
345	20.74	92875	67	49.23	3.28	0.00
320	19.86	93557	66	49.91	3.39	0.00
318	20.08	93163	66	49.89	3.31	0.00
314	19.99	92812	66	49.49	3.26	0.00
319	19.58	92999	68	49.99	3.31	0.00
328	20.23	93184	67	49.04	3.46	0.00
324	20.00	93152	67	49.46	3.32	0.00
315	19.54	92779	68	49.84	3.31	0.00
325	19.90	92607	66	49.53	3.34	0.00
330	20.24	93129	67	50.07	3.33	0.00
336	20.30	93164	67	49.92	3.54	0.00
330	20.10	93156	67	49.73	3.43	0.00
322	20.07	92911	67	49.25	3.36	0.00
318	19.90	93434	67	49.77	3.33	0.00
313	19.70	93713	67	49.77	3.34	0.00
323	19.97	92958	67	50.32	3.35	0.00
320	19.89	92482	68	50.06	3.33	0.00
328	20.25	93316	66	49.46	3.34	0.00
321	19.89	92127	66	49.54	3.43	0.00
323	20.01	93292	66	49.36	3.34	0.00
313	19.76	92636	67	49.92	3.34	0.00
318	19.78	93046	66	49.70	3.35	0.00
326	20.10	92831	66	49.63	3.33	0.00
321	19.95	92973	66	49.96	3.36	0.00
328	20.30	93135	67	49.61	3.30	0.00
335	20.30	93278	66	49.38	3.33	0.00
325	20.04	94394	66	49.88	3.33	0.00
317	20.11	92867	67	49.52	3.31	0.00
331	20.42	93035	68	49.74	3.32	0.00
327	20.24	92686	66	49.74	3.32	0.00
317	19.66	93226	67	49.66	3.29	0.00
323	19.81	93328	66	49.46	3.46	0.00
334	20.55	92893	67	50.25	3.40	0.00
322	20.00	93672	66	50.07	3.33	0.00
316	19.83	93409	66	49.85	3.31	0.00
311	19.60	92841	67	49.82	3.31	0.00
318	20.03	92994	66	49.75	3.34	0.00
322	19.89	93475	67	50.24	3.38	0.00
320	20.00	92870	67	49.97	3.34	0.00
325	20.04	92883	67	49.64	3.41	0.00
317	19.68	93319	67	49.98	3.37	0.00
314	19.69	93825	66	50.26	3.41	0.00
325	20.19	93060	67	49.68	3.41	0.00
316	19.97	93066	67	49.38	3.33	0.00
325	20.04	93684	67	50.18	3.40	0.00
327	20.01	92612	68	49.61	3.36	0.00
318	19.89	93301	67	50.04	3.39	0.00
317	19.98	94198	67	50.16	3.38	0.00
330	20.42	93634	68	49.91	3.37	0.00
312	19.64	92957	67	49.53	3.33	0.00
328	20.18	93788	67	49.96	3.42	0.00
316	19.90	93090	68	49.80	3.37	0.00
329	20.27	92679	67	49.43	3.42	0.00
322	20.05	94475	67	49.78	3.35	0.00
312	19.72	93462	66	49.59	3.37	0.00
313	19.71	93600	67	49.96	3.34	0.00
324	20.16	92752	67	49.77	3.31	0.00
321	19.93	93353	67	50.12	3.33	0.00
319	19.94	93638	67	49.74	3.32	0.00
325	20.02	93665	67	49.77	3.37	0.00
333	20.37	93865	67	49.91	3.34	0.00
315	19.78	94124	68	49.50	3.35	0.00
327	20.03	92901	67	49.65	3.41	0.00
324	20.09	93537	68	50.08	3.40	0.00
310	19.38	91759	67	50.06	3.35	0.00
340	20.37	93148	67	49.72	3.40	0.00
319	19.91	92332	67	50.15	3.36	0.00
313	19.77	93323	67	50.47	3.32	0.00
318	19.93	93520	66	49.81	3.31	0.00
322	20.05	93021	67	49.76	3.31	0.00
316	19.92	92881	66	50.28	3.31	0.00
325	20.07	92982	67	50.34	3.30	0.00
285	17.99	85411	67	48.23	3.31	0.00
269	17.12	81991	67	47.56	3.26	0.00
284	17.55	81484	67	47.06	3.25	0.00
276	17.53	81500	67	47.54	3.26	0.00
278	17.66	81035	66	47.07	3.26	0.00
279	17.46	81996	67	46.98	3.24	0.00
283	17.79	81667	66	46.93	3.26	0.00
279	17.49	81890	66	47.31	3.24	0.00
268	17.38	81783	66	47.22	3.27	0.00
283	17.76	81286	67	46.46	3.29	0.00
276	17.50	81300	66	46.66	3.26	0.00
289	17.83	81300	66	46.54	3.28	0.00
279	17.36	81840	67	47.30	3.26	0.00
282	17.63	81212	68	46.61	3.29	0.00
273	17.32	81794	66	47.40	3.28	0.00
236	15.40	72535	66	44.87	3.26	0.00
225	14.69	70047	66	44.34	3.26	0.00
230	14.79	69996	66	44.30	3.30	0.00
225	14.79	69806	66	44.31	3.31	0.00
225	14.76	69480	66	44.06	3.24	0.00
228	14.81	69992	65	44.22	3.25	0.00
232	15.22	70151	65	44.17	3.24	0.00
232	15.01	69729	65	44.20	3.24	0.00
227	14.92	70005	65	44.08	3.24	0.00
224	14.79	69906	66	44.84	3.24	0.00
246	15.42	70207	66	43.70	3.25	0.00
221	14.59	70045	66	44.38	3.22	0.00
243	15.43	70318	65	43.45	3.22	0.00
201	13.47	63476	65	42.15	3.24	0.00
194	12.43	58633	66	40.80	3.23	0.00
191	12.68	58766	66	41.20	3.24	0.00
183	12.23	58406	66	40.91	3.23	0.00
192	12.45	58658	65	40.91	3.22	0.00
179	12.10	58442	65	41.13	3.24	0.00
197	12.66	58636	65	40.56	3.22	0.00
191	12.58	58798	65	40.25	3.23	0.00
196	12.61	58624	65	40.76	3.23	0.00
189	12.45	58657	65	41.06	3.21	0.00
184	12.22	58370	66	40.91	3.23	0.00
177	11.36	52725	64	38.97	3.23	0.00
146	9.92	47024	65	37.56	3.22	0.00
147	9.83	46876	65	37.35	3.21	0.00
143	9.75	47289	65	38.03	3.23	0.00
144	9.84	47102	64	37.76	3.21	0.00
143	9.83	47123	66	37.73	3.24	0.00
147	9.80	47147	65	37.97	3.22	0.00
152	9.96	47035	65	37.81	3.21	0.00
147	9.84	46318	65	38.23	3.21	0.00
159	10.25	47252	65	37.72	3.21	0.00
148	10.06	47180	65	37.92	3.25	0.00
145	9.89	47308	65	37.99	3.25	0.00
147	10.08	47184	66	37.94	3.22	0.00
120	7.99	37979	65	35.41	3.18	0.00
116	7.60	35393	65	34.42	3.16	0.00
117	7.59	36495	65	34.79	3.18	0.00
112	7.42	35681	65	34.73	3.16	0.00
120	7.68	35467	65	34.80	3.27	0.00
113	7.51	36534	66	34.82	3.18	0.00
106	7.42	35322	66	34.46	3.19	0.00
112	7.57	35870	66	34.82	3.18	0.00
110	7.49	35640	65	34.57	3.19	0.00
107	7.45	35571	66	34.73	3.20	0.00
105	7.42	35925	66	34.74	3.22	0.00
109	7.40	35899	65	35.14	3.19	0.00
117	7.69	35458	66	34.42	3.17	0.00
116	7.54	35528	66	34.64	3.19	0.00
87	5.92	28182	64	32.52	3.19	0.00
73	4.98	24164	65	31.26	3.18	0.00
72	5.06	24180	66	31.46	3.17	0.00
69	5.10	24257	65	31.76	3.18	0.00
71	5.07	24306	66	31.68	3.19	0.00
74	5.02	24169	65	31.30	3.18	0.00
71	5.08	24674	64	31.59	3.20	0.00
71	5.00	23956	65	30.91	3.18	0.00
71	5.00	24336	66	31.50	3.20	0.00
71	5.03	24312	66	31.38	3.19	0.00
71	5.02	23950	66	31.33	3.19	0.00
61	4.35	21211	65	30.49	3.20	0.00
36	2.73	12684	65	27.88	3.21	0.00
37	2.65	12578	65	27.71	3.18	0.00
36	2.70	12745	66	27.88	3.19	0.00
37	2.67	12842	66	27.99	3.19	0.00
37	2.68	12682	65	27.89	3.18	0.00
37	2.71	12658	65	27.71	3.18	0.00
37	2.69	13034	64	28.21	3.18	0.00
36	2.64	12458	65	27.57	3.17	0.00
37	2.71	12959	65	28.12	3.19	0.00
35	2.71	12665	64	28.03	3.17	0.00
37	2.68	12567	66	27.59	3.19	0.00
32	2.38	11086	64	26.40	3.02	0.00
4	0.31	1277	64	15.32	1.58	0.00
3	0.29	971	64	14.03	1.47	0.00
3	0.29	942	63	14.04	1.41	0.00
4	0.30	1220	63	15.39	1.58	0.00
4	0.30	1155	63	15.08	1.54	0.00
3	0.28	957	63	13.89	1.42	0.00
3	0.28	985	62	14.52	1.43	0.00
4	0.30	1316	62	15.29	1.60	0.00
4	0.30	568	62	13.23	1.32	0.00
4	0.30	1046	62	15.07	1.57	0.00
4	0.30	1059	62	14.89	1.53	0.00
3	0.28	891	62	13.71	1.37	0.00
4	0.30	1238	62	14.97	1.50	0.00
3	0.28	972	61	14.40	1.45	0.00
4	0.30	1180	63	15.05	1.50	0.00
3	0.28	1055	63	15.08	1.61	0.00
3	0.28	1129	62	14.38	1.46	0.00
3	0.28	927	62	14.16	1.45	0.00
4	0.32	1031	62	14.88	1.54	0.00
4	0.31	1060	62	14.62	1.57	0.00
3	0.28	772	62	13.48	1.33	0.00
4	0.29	1019	63	14.13	1.47	0.00
3	0.29	1114	62	14.81	1.55	0.00
3	0.28	1029	62	14.22	1.50	0.00
4	0.29	1111	62	14.76	1.51	0.00
3	0.29	1151	61	14.10	1.49	0.00
3	0.27	795	61	13.41	1.35	0.00
4	0.30	1280	62	14.50	1.49	0.00
4	0.32	838	60	14.23	1.44	0.00
4	0.29	914	62	13.52	1.46	0.00
3	0.29	1048	62	14.22	1.48	0.00
3	0.29	890	61	13.89	1.47	0.00
4	0.31	1060	61	14.34	1.48	0.00
4	0.30	1033	61	14.24	1.46	0.00
4	0.31	1324	62	15.30	1.67	0.00
3	0.27	775	62	13.70	1.40	0.00
3	0.29	1184	62	14.34	1.48	0.00
4	0.29	1146	61	14.99	1.54	0.00
4	0.32	839	62	13.88	1.40	0.00
4	0.30	1056	61	13.93	1.45	0.00
4	0.30	1108	63	14.42	1.47	0.00
3	0.29	1013	61	13.68	1.39	0.00
4	0.30	1190	62	15.45	1.61	0.00
4	0.30	1013	61	14.11	1.41	0.00
3	0.29	994	61	14.08	1.43	0.00
3	0.29	1185	61	13.87	1.43	0.00
3	0.28	1009	62	14.03	1.43	0.00
4	0.30	1139	62	14.38	1.48	0.00
4	0.33	944	62	14.54	1.49	0.00
4	0.29	821	61	13.27	1.30	0.00
4	0.30	1021	61	13.73	1.40	0.00
4	0.30	1058	61	14.21	1.43	0.00
4	0.31	1308	62	15.17	1.59	0.00
3	0.28	841	61	13.83	1.41	0.00
4	0.31	1214	62	14.20	1.43	0.00
3	0.28	885	61	14.19	1.52	0.00
3	0.28	965	62	13.82	1.39	0.00
4	0.29	1148	61	14.39	1.52	0.00
4	0.32	791	61	13.78	1.44	0.00
4	0.30	1065	61	13.95	1.43	0.00
4	0.30	1034	62	14.52	1.49	0.00
4	0.30	1185	61	14.51	1.48	0.00
4	0.29	951	61	14.43	1.53	0.00
4	0.30	1209	61	14.44	1.47	0.00
4	0.30	1184	61	14.99	1.55	0.00
4	0.29	1034	60	14.05	1.38	0.00
3	0.28	798	61	13.49	1.32	0.00
4	0.30	1335	62	14.62	1.50	0.00
4	0.32	728	61	13.91	1.43	0.00
3	0.29	852	60	13.54	1.38	0.00
4	0.30	1268	61	14.83	1.46	0.00
3	0.28	827	60	13.42	1.38	0.00
4	0.30	1300	61	14.42	1.51	0.00
3	0.28	1001	61	14.28	1.49	0.00
4	0.30	1142	60	14.32	1.43	0.00
4	0.30	1068	61	14.03	1.39	0.00
4	0.30	1435	60	15.12	1.51	0.00
3	0.29	667	62	13.21	1.34	0.00
4	0.31	828	61	14.02	1.44	0.00
3	0.29	1104	61	14.13	1.46	0.00
3	0.28	844	61	13.73	1.39	0.00
4	0.30	1308	61	14.52	1.49	0.00
3	0.29	999	61	13.94	1.39	0.00
3	0.29	985	61	13.94	1.44	0.00
3	0.29	1161	61	14.44	1.47	0.00
3	0.29	1183	62	14.60	1.53	0.00
3	0.28	986	61	13.78	1.42	0.00
4	0.29	1003	61	13.87	1.39	0.00
4	0.33	972	61	14.27	1.47	0.00
4	0.34	629	60	12.92	1.35	0.00
4	0.30	1192	61	14.01	1.45	0.00
4	0.30	1143	60	14.45	1.49	0.00
3	0.29	990	61	14.11	1.46	0.00
3	0.28	971	60	13.25	1.37	0.00
4	0.30	1306	60	14.24	1.50	0.00
3	0.27	834	61	13.73	1.47	0.00
3	0.28	1088	61	14.09	1.49	0.00
4	0.30	1175	60	13.86	1.50	0.00
4	0.33	756	61	13.51	1.43	0.00
4	0.35	1351	61	14.10	1.46	0.00
3	0.29	904	60	13.13	1.33	0.00
3	0.28	983	61	14.21	1.54	0.00
4	0.29	1025	61	13.54	1.36	0.00
3	0.29	1188	61	14.00	1.51	0.00
3	0.29	950	60	13.28	1.40	0.00
3	0.28	918	62	13.05	1.39	0.00
4	0.29	1312	62	14.52	1.54	0.00
3	0.28	854	60	13.42	1.38	0.00
4	0.34	990	61	13.99	1.46	0.00
3	0.28	986	61	13.37	1.39	0.00
4	0.31	1228	61	13.99	1.48	0.00
3	0.28	971	61	13.50	1.41	0.00
4	0.29	1000	61	13.68	1.47	0.00
3	0.27	948	61	13.88	1.51	0.00
3	0.29	963	60	13.21	1.36	0.00
3	0.29	1144	62	14.01	1.51	0.00
3	0.29	1114	60	14.14	1.55	0.00
4	0.32	1185	61	13.66	1.44	0.00
4	0.30	850	61	13.61	1.46	0.00
4	0.30	1280	61	14.68	1.57	0.00
4	0.29	857	59	13.11	1.39	0.00
4	0.29	1340	61	14.99	1.57	0.00
4	0.30	1041	61	14.01	1.49	0.00
3	0.28	847	61	12.83	1.31	0.00
3	0.29	1097	60	13.93	1.51	0.00
3	0.28	968	61	13.89	1.49	0.00
3	0.28	1121	60	13.54	1.42	0.00
4	0.36	1140	61	13.59	1.36	0.00
4	0.33	1228	61	14.13	1.40	0.00
3	0.27	839	61	12.90	1.32	0.00
4	0.31	1282	61	14.10	1.51	0.00
4	0.29	1172	61	14.88	1.63	0.00
4	0.29	1017	61	13.57	1.37	0.00
3	0.29	1038	60	13.83	1.46	0.00
4	0.30	1180	61	14.31	1.49	0.00
3	0.27	796	60	12.83	1.31	0.00
3	0.28	1144	61	14.00	1.48	0.00
4	0.32	1209	60	14.62	1.53	0.00
3	0.29	679	60	12.32	1.26	0.00
3	0.29	1094	61	13.74	1.39	0.00
4	0.29	1024	60	13.84	1.46	0.00
4	0.30	1103	61	13.84	1.48	0.00
3	0.29	1032	60	13.65	1.43	0.00
3	0.28	966	61	13.52	1.39	0.00
3	0.29	1079	60	13.26	1.41	0.00
3	0.28	1029	61	13.68	1.43	0.00
3	0.29	1181	61	13.76	1.52	0.00
4	0.31	818	61	13.11	1.34	0.00
4	0.31	1015	60	13.48	1.41	0.00
3	0.28	921	60	13.10	1.39	0.00
4	0.30	1010	60	13.31	1.38	0.00
4	0.30	1205	61	14.47	1.55	0.00
4	0.30	1180	60	13.48	1.42	0.00
3	0.28	981	60	13.08	1.42	0.00
3	0.29	1145	61	14.01	1.46	0.00
3	0.29	1211	61	13.86	1.48	0.00
3	0.28	979	60	13.73	1.48	0.00
4	0.32	1104	60	13.86	1.48	0.00
3	0.29	692	61	12.57	1.28	0.00
3	0.28	1047	60	13.84	1.40	0.00
3	0.29	995	60	12.92	1.33	0.00
3	0.29	1106	61	13.95	1.48	0.00
3	0.29	1029	61	13.41	1.42	0.00
4	0.30	1086	61	13.67	1.41	0.00
4	0.30	1367	59	14.12	1.50	0.00
3	0.28	862	61	13.13	1.36	0.00
4	0.29	1312	61	14.09	1.45	0.00
4	0.31	965	60	13.44	1.40	0.00
4	0.30	911	61	12.72	1.31	0.00
3	0.29	969	61	12.90	1.34	0.00
4	0.29	1109	61	13.29	1.40	0.00
3	0.29	921	61	12.99	1.34	0.00
3	0.29	995	60	13.05	1.37	0.00
3	0.29	1191	61	13.90	1.45	0.00
3	0.29	985	60	13.21	1.35	0.00
3	0.29	1144	61	13.16	1.33	0.00
3	0.28	1093	60	13.71	1.45	0.00
4	0.31	908	60	13.04	1.34	0.00
4	0.31	925	60	14.01	1.52	0.00
4	0.30	1212	61	14.06	1.47	0.00
3	0.29	815	61	12.76	1.29	0.00
3	0.28	907	60	13.23	1.41	0.00
4	0.30	1261	61	14.42	1.56	0.00
4	0.30	1116	61	13.52	1.44	0.00
4	0.30	1116	61	13.16	1.36	0.00
4	0.37	965	60	13.45	1.35	0.00
3	0.29	1102	61	13.58	1.39	0.00
4	0.31	912	60	13.38	1.39	0.00
4	0.32	1119	60	13.11	1.36	0.00
3	0.28	771	60	12.52	1.27	0.00
4	0.29	958	61	12.86	1.29	0.00
4	0.31	1362	61	14.28	1.48	0.00
3	0.27	601	61	12.35	1.34	0.00
4	0.31	1276	60	14.10	1.48	0.00
3	0.28	946	60	14.11	1.53	0.00
3	0.28	933	60	13.59	1.39	0.00
4	0.30	1179	61	14.19	1.47	0.00
4	0.32	1007	60	13.87	1.48	0.00
4	0.30	887	61	13.13	1.42	0.00
3	0.29	963	60	13.24	1.39	0.00
4	0.30	1208	61	14.63	1.58	0.00
3	0.29	969	60	13.68	1.45	0.00
3	0.29	1158	60	13.85	1.47	0.00
3	0.29	1122	61	14.22	1.54	0.00
3	0.27	760	60	12.95	1.36	0.00
3	0.28	1012	61	13.20	1.34	0.00
4	0.29	1302	60	14.51	1.57	0.00
4	0.33	755	60	12.98	1.34	0.00
3	0.29	862	61	13.06	1.35	0.00
4	0.30	1219	61	14.58	1.54	0.00
3	0.28	835	61	13.48	1.44	0.00
4	0.33	1366	61	14.30	1.52	0.00
3	0.29	996	61	13.91	1.54	0.00
3	0.29	1087	61	13.65	1.38	0.00
3	0.29	1045	61	13.70	1.44	0.00
3	0.28	974	61	13.57	1.47	0.00
3	0.27	885	60	13.16	1.37	0.00
4	0.32	836	61	12.70	1.31	0.00
4	0.32	1221	61	14.12	1.53	0.00
3	0.29	1004	61	13.88	1.50	0.00
3	0.29	993	61	13.34	1.42	0.00
4	0.29	1126	61	14.22	1.56	0.00
4	0.30	1225	61	14.38	1.54	0.00
3	0.29	947	61	13.38	1.36	0.00
3	0.29	1194	61	14.28	1.56	0.00
3	0.28	1012	61	13.68	1.43	0.00
3	0.29	1105	60	13.19	1.37	0.00
4	0.31	658	61	13.18	1.44	0.00
4	0.30	1012	61	13.61	1.41	0.00
4	0.31	1075	60	13.41	1.38	0.00
3	0.29	1056	61	14.01	1.49	0.00
4	0.30	1353	60	14.97	1.55	0.00
3	0.27	802	61	13.09	1.39	0.00
4	0.29	1330	60	14.92	1.57	0.00
3	0.29	1050	60	13.37	1.37	0.00
3	0.28	997	60	13.12	1.38	0.00
4	0.29	1131	60	13.58	1.42	0.00
4	0.32	806	61	13.48	1.42	0.00
3	0.29	790	61	12.30	1.31	0.00
3	0.29	983	59	13.70	1.43	0.00
4	0.31	1226	60	14.17	1.44	0.00
3	0.28	860	59	12.58	1.37	0.00
4	0.30	1200	60	14.11	1.48	0.00
3	0.29	1106	60	14.01	1.51	0.00
3	0.28	981	60	13.08	1.36	0.00
3	0.28	995	60	13.54	1.46	0.00
3	0.29	1085	60	13.62	1.43	0.00
4	0.31	880	59	12.71	1.37	0.00
4	0.30	904	61	13.06	1.33	0.00
4	0.30	1246	60	14.04	1.48	0.00
3	0.28	636	61	12.47	1.31	0.00
4	0.31	1321	61	13.99	1.48	0.00
3	0.28	983	61	12.94	1.37	0.00
4	0.30	1134	60	13.59	1.43	0.00
3	0.28	1053	60	13.50	1.43	0.00
3	0.28	985	59	13.66	1.46	0.00
4	0.29	1105	61	13.27	1.39	0.00
4	0.32	853	61	13.80	1.46	0.00
4	0.31	1198	61	13.56	1.40	0.00
3	0.29	938	61	13.31	1.39	0.00
3	0.29	1231	60	14.11	1.49	0.00
3	0.29	941	59	14.71	1.57	0.00
4	0.30	1034	61	13.20	1.37	0.00
3	0.29	1129	59	14.35	1.54	0.00
3	0.28	969	59	13.43	1.43	0.00
3	0.28	1019	60	13.25	1.37	0.00
4	0.29	1093	59	13.99	1.50	0.00
4	0.34	1065	60	14.11	1.52	0.00
3	0.28	839	60	13.08	1.38	0.00
4	0.30	1175	60	13.60	1.52	0.00
4	0.30	991	60	13.13	1.33	0.00
4	0.29	1111	59	13.93	1.49	0.00
3	0.29	1023	59	13.78	1.52	0.00
4	0.30	1112	60	13.46	1.43	0.00
3	0.28	838	59	12.87	1.36	0.00
3	0.28	972	60	13.57	1.46	0.00
4	0.30	1386	59	14.71	1.62	0.00
4	0.33	772	60	12.91	1.32	0.00
4	0.29	1137	60	13.44	1.45	0.00
4	0.29	1052	59	13.47	1.43	0.00
4	0.35	979	60	13.04	1.39	0.00
4	0.31	1212	61	14.40	1.56	0.00
4	0.30	1225	61	14.02	1.51	0.00
4	0.30	972	59	13.47	1.48	0.00
3	0.27	825	60	13.21	1.43	0.00
4	0.30	1338	60	14.79	1.59	0.00
3	0.28	840	60	13.32	1.43	0.00
4	0.34	1019	60	13.22	1.41	0.00
3	0.28	972	61	13.57	1.49	0.00
4	0.29	1033	60	13.74	1.50	0.00
4	0.30	1173	61	14.38	1.55	0.00
4	0.30	1177	60	13.85	1.53	0.00
3	0.28	868	61	12.80	1.38	0.00
3	0.29	1118	61	14.11	1.57	0.00
4	0.29	1188	61	14.06	1.58	0.00
4	0.29	1157	61	14.44	1.60	0.00
3	0.29	967	60	13.33	1.43	0.00
4	0.32	784	60	13.27	1.46	0.00
3	0.29	991	60	13.26	1.49	0.00
3	0.29	1032	60	13.29	1.45	0.00
4	0.31	1354	61	14.14	1.51	0.00
3	0.28	850	60	13.32	1.50	0.00
3	0.29	957	61	12.64	1.36	0.00
4	0.30	1302	60	13.95	1.55	0.00
3	0.27	820	61	13.35	1.45	0.00
4	0.30	1323	61	13.85	1.53	0.00
4	0.29	1041	60	13.67	1.53	0.00
4	0.33	541	60	11.73	1.29	0.00
3	0.28	1015	60	13.36	1.50	0.00
4	0.30	1194	59	13.52	1.45	0.00
3	0.29	1002	61	13.67	1.52	0.00
3	0.29	1012	60	13.11	1.43	0.00
4	0.31	1239	61	14.09	1.57	0.00
3	0.29	927	61	13.48	1.53	0.00
4	0.30	1194	60	13.54	1.50	0.00
3	0.28	1089	61	13.90	1.57	0.00
4	0.31	1004	60	13.09	1.45	0.00
4	0.31	837	60	13.06	1.46	0.00
4	0.29	1193	60	14.09	1.57	0.00
3	0.27	640	60	12.22	1.39	0.00
3	0.29	1090	60	12.99	1.40	0.00
4	0.30	1199	59	13.60	1.49	0.00
3	0.28	883	59	13.02	1.48	0.00
4	0.30	1316	60	13.94	1.55	0.00
3	0.28	948	60	13.00	1.46	0.00
3	0.28	1174	61	13.81	1.57	0.00
4	0.33	1085	60	13.57	1.50	0.00
4	0.33	1036	61	13.23	1.46	0.00
3	0.29	975	60	12.83	1.36	0.00
3	0.29	1014	60	13.12	1.45	0.00
4	0.29	1052	59	13.39	1.43	0.00
4	0.29	1006	60	13.01	1.41	0.00
3	0.28	999	59	12.49	1.33	0.00
3	0.29	1129	60	13.59	1.52	0.00
4	0.29	1194	60	13.52	1.50	0.00
3	0.27	904	61	13.19	1.45	0.00
4	0.32	1171	60	12.96	1.40	0.00
4	0.29	712	59	12.23	1.38	0.00
4	0.30	1048	59	12.69	1.37	0.00
4	0.30	1070	60	13.04	1.37	0.00
4	0.29	1117	60	13.58	1.53	0.00
3	0.29	996	60	12.38	1.38	0.00
3	0.28	818	60	13.00	1.48	0.00
4	0.31	1344	60	13.95	1.56	0.00
3	0.28	810	60	12.25	1.37	0.00
4	0.29	1293	60	13.61	1.57	0.00
4	0.33	998	60	13.31	1.45	0.00
4	0.30	852	60	12.08	1.29	0.00
3	0.28	951	60	12.61	1.38	0.00
4	0.31	1000	60	12.56	1.38	0.00
4	0.30	1134	61	12.96	1.42	0.00
3	0.29	1002	60	13.32	1.48	0.00
3	0.29	1167	60	13.07	1.42	0.00
3	0.28	709	59	12.29	1.36	0.00
3	0.29	1145	61	12.80	1.42	0.00
4	0.29	1140	61	13.38	1.48	0.00
4	0.31	909	59	12.67	1.37	0.00
4	0.30	882	60	12.78	1.38	0.00
3	0.29	1015	60	12.88	1.34	0.00
4	0.30	1024	60	12.49	1.37	0.00
4	0.30	1119	60	13.83	1.52	0.00
4	0.30	1345	61	13.94	1.56	0.00
3	0.28	847	60	12.71	1.36	0.00
4	0.34	1035	61	13.30	1.44	0.00
