Avg_MHz	Busy%	IRQ	PkgTmp	PkgWatt	RAMWatt	RAM_%
4	0.31	1400	64	15.30	1.70	0.00
3	0.27	614	63	13.15	1.44	0.00
4	0.30	1308	63	15.29	1.68	0.00
4	0.30	1039	64	14.57	1.60	0.00
4	0.30	1045	63	14.08	1.55	0.00
4	0.32	1245	63	15.67	1.73	0.00
4	0.31	1049	63	14.54	1.56	0.00
4	0.32	895	63	13.94	1.54	0.00
8	0.58	1253	63	15.68	1.76	0.00
12	1.00	3161	65	22.68	2.66	0.00
12	0.99	2749	64	22.45	2.62	0.00
11	0.91	2920	63	22.35	2.65	0.00
12	0.98	2807	64	22.49	2.67	0.00
12	1.01	3038	65	22.72	2.66	0.00
12	1.01	3095	64	22.99	2.70	0.00
12	1.00	2920	64	22.64	2.65	0.00
12	1.04	3048	63	22.62	2.64	0.00
12	1.01	2778	64	22.46	2.67	0.00
12	1.00	3113	63	22.85	2.71	0.00
12	0.99	2806	63	22.26	2.64	0.00
12	0.99	3114	63	22.89	2.65	0.00
13	1.06	2915	63	22.59	2.74	0.00
21	1.69	4468	63	25.14	2.95	0.00
21	1.76	4592	62	24.26	2.82	0.00
20	1.70	4772	63	23.68	2.72	0.00
21	1.72	4392	63	23.28	2.70	0.00
20	1.65	4619	63	23.40	2.69	0.00
21	1.75	4789	63	23.38	2.69	0.00
21	1.72	4594	64	22.92	2.64	0.00
20	1.71	4932	65	23.51	2.68	0.00
20	1.66	4580	63	23.21	2.65	0.00
20	1.64	4541	63	23.29	2.66	0.00
27	2.19	5675	64	24.52	2.77	0.00
29	2.43	6702	64	24.65	2.72	0.00
30	2.46	6421	64	24.50	2.71	0.00
29	2.43	6150	64	24.31	2.71	0.00
29	2.46	6683	63	24.84	2.70	0.00
29	2.43	6275	62	24.56	2.71	0.00
29	2.43	6593	63	24.43	2.69	0.00
28	2.35	6513	63	24.68	2.75	0.00
30	2.42	5613	64	24.78	2.73	0.00
35	2.89	6704	65	25.22	2.71	0.00
36	2.96	7226	62	25.83	2.74	0.00
36	3.04	7020	63	25.05	2.70	0.00
37	3.10	8273	63	25.09	2.65	0.00
37	3.07	8283	64	25.22	2.73	0.00
35	2.91	7313	63	24.61	2.67	0.00
36	3.02	7726	63	25.25	2.72	0.00
35	2.95	6997	63	24.90	2.68	0.00
36	3.02	7503	63	25.28	2.75	0.00
38	3.20	8274	64	25.18	2.70	0.00
36	2.97	8587	63	25.41	2.72	0.00
35	2.95	8205	62	24.88	2.70	0.00
37	3.08	8176	64	24.97	2.67	0.00
38	3.21	8520	63	25.62	2.76	0.00
37	3.11	7883	62	24.47	2.64	0.00
38	3.19	8296	63	25.16	2.70	0.00
42	3.41	7540	63	25.85	2.86	0.00
43	3.61	9374	63	28.27	3.13	0.00
46	3.82	9852	63	26.61	2.85	0.00
45	3.77	10079	62	26.68	2.78	0.00
45	3.72	9601	64	26.51	2.73	0.00
44	3.67	9246	64	27.33	2.84	0.00
44	3.66	9314	64	27.41	2.83	0.00
44	3.68	9502	64	27.53	2.78	0.00
45	3.71	9994	63	27.67	2.75	0.00
46	3.82	9816	64	27.10	2.75	0.00
46	3.83	9713	63	26.63	2.72	0.00
46	3.80	10182	63	27.44	2.74	0.00
52	4.22	10784	63	28.54	2.99	0.00
52	4.31	10917	63	28.61	3.03	0.00
52	4.31	11084	63	27.64	2.75	0.00
55	4.56	11797	62	27.91	2.80	0.00
54	4.49	11712	64	27.55	2.77	0.00
56	4.63	11783	63	28.01	2.82	0.00
54	4.49	11185	64	27.63	2.70	0.00
55	4.61	11225	64	27.33	2.82	0.00
53	4.38	9924	63	27.61	2.80	0.00
56	4.55	10498	64	28.32	2.86	0.00
61	5.11	13172	64	29.14	2.78	0.00
62	5.17	13639	63	29.40	2.75	0.00
62	5.13	13071	64	28.30	2.71	0.00
63	5.26	13322	63	28.59	2.70	0.00
61	5.06	12688	64	28.47	2.73	0.00
60	5.02	12899	63	28.81	2.77	0.00
62	5.13	13547	63	28.54	2.70	0.00
64	5.38	13171	64	28.71	2.72	0.00
63	5.24	13019	62	28.39	2.69	0.00
69	5.63	13861	64	29.47	2.84	0.00
74	6.17	15309	64	29.65	2.83	0.00
73	6.11	15309	64	28.91	2.72	0.00
72	6.02	15347	63	29.41	2.76	0.00
70	5.86	15004	63	29.48	2.76	0.00
71	5.94	13687	64	28.77	2.77	0.00
71	5.93	14061	64	29.07	2.76	0.00
70	5.80	13271	64	28.74	2.72	0.00
72	6.02	14971	63	29.11	2.83	0.00
72	6.03	15143	64	29.86	3.04	0.00
74	6.16	15342	65	30.17	2.87	0.00
74	6.16	14877	63	29.62	2.84	0.00
73	6.09	14549	64	29.39	2.75	0.00
75	6.26	14933	63	29.40	2.73	0.00
76	6.35	15416	63	29.58	2.74	0.00
73	6.12	15765	63	29.86	2.80	0.00
74	6.21	15142	63	29.72	2.74	0.00
73	6.08	15396	62	29.13	2.70	0.00
71	5.93	13770	63	29.15	2.86	0.00
76	6.32	14931	64	28.85	2.91	0.00
71	5.94	13989	63	29.10	2.79	0.00
70	5.83	13933	63	28.79	2.74	0.00
70	5.80	13912	62	29.02	2.73	0.00
71	5.91	14259	63	29.57	2.84	0.00
73	6.07	15484	64	29.95	2.92	0.00
74	6.21	15169	64	28.85	2.74	0.00
73	6.10	15436	64	29.92	2.87	0.00
70	5.86	14916	64	29.26	2.80	0.00
72	5.97	13806	64	28.73	2.70	0.00
71	5.94	13761	63	28.92	2.74	0.00
70	5.81	13891	64	29.35	2.72	0.00
73	6.09	15247	64	29.36	2.73	0.00
73	6.10	15325	63	28.94	2.71	0.00
73	6.06	15706	62	29.43	2.78	0.00
69	5.79	14174	63	28.74	2.66	0.00
69	5.79	13911	64	29.32	2.77	0.00
73	6.08	14397	62	29.58	2.79	0.00
72	5.97	13654	63	29.26	2.84	0.00
72	5.98	14278	62	29.12	2.76	0.00
73	6.07	14934	63	29.10	2.84	0.00
74	6.20	14943	63	29.31	2.77	0.00
72	6.04	15107	64	29.53	2.83	0.00
70	5.81	14214	62	29.39	2.76	0.00
70	5.79	13159	64	29.30	2.79	0.00
74	6.20	15464	63	29.55	2.83	0.00
73	6.12	15229	64	29.34	2.76	0.00
70	5.88	15095	64	29.84	2.75	0.00
70	5.80	14422	63	29.75	2.74	0.00
72	5.97	15122	65	29.43	2.74	0.00
73	6.08	15357	64	29.13	2.71	0.00
73	6.12	15133	64	28.97	2.72	0.00
71	5.94	14382	64	28.78	2.78	0.00
73	6.08	14790	63	28.86	2.74	0.00
69	5.78	13952	64	29.37	2.76	0.00
71	5.94	14962	63	29.66	2.76	0.00
73	6.08	15172	63	29.52	2.78	0.00
71	5.96	15127	62	29.21	2.75	0.00
73	6.08	15505	64	29.63	2.75	0.00
71	5.92	14545	63	29.32	2.74	0.00
74	6.16	14502	63	29.35	2.83	0.00
69	5.76	14537	64	29.90	2.74	0.00
69	5.72	14066	65	29.32	2.74	0.00
69	5.73	13909	64	28.97	2.69	0.00
70	5.85	14237	63	29.53	2.72	0.00
71	5.92	14018	64	29.15	2.68	0.00
69	5.78	14365	64	29.52	2.68	0.00
69	5.78	15154	63	29.04	2.77	0.00
73	6.06	15031	64	29.17	2.73	0.00
71	5.89	14980	63	29.41	2.69	0.00
71	5.94	14859	63	29.43	2.74	0.00
71	5.94	14823	64	29.16	2.72	0.00
72	6.04	15603	63	29.53	2.76	0.00
72	6.03	15280	63	29.69	2.74	0.00
73	6.12	15075	62	29.61	2.85	0.00
70	5.80	14332	64	29.29	2.75	0.00
69	5.74	13858	63	29.10	2.72	0.00
71	5.90	14186	63	29.31	2.72	0.00
70	5.83	13772	62	29.27	2.72	0.00
71	5.95	14424	64	29.07	2.75	0.00
71	5.94	14745	65	29.08	2.73	0.00
75	6.22	15583	63	29.27	2.80	0.00
72	5.99	15313	63	29.83	2.75	0.00
69	5.76	14538	64	29.00	2.75	0.00
72	5.99	15350	63	29.70	2.73	0.00
73	6.09	15278	64	29.21	2.74	0.00
74	6.17	14965	63	29.02	2.70	0.00
74	6.15	15357	65	29.47	2.70	0.00
73	6.09	15378	64	29.21	2.72	0.00
75	6.22	15217	64	28.56	2.78	0.00
75	6.28	15301	65	28.94	2.81	0.00
73	6.10	15374	63	29.27	2.81	0.00
69	5.79	14420	64	28.84	2.74	0.00
69	5.73	14149	65	28.33	2.75	0.00
69	5.79	13964	64	29.04	2.83	0.00
70	5.87	13771	65	28.83	2.72	0.00
73	6.08	15066	64	28.84	2.75	0.00
72	6.05	14993	65	28.53	2.72	0.00
70	5.83	13956	63	28.39	2.69	0.00
70	5.80	13771	63	28.90	2.72	0.00
71	5.90	14192	64	28.99	2.73	0.00
70	5.84	14075	64	29.08	2.77	0.00
71	5.94	15221	64	29.03	2.75	0.00
72	5.98	15552	64	28.62	2.78	0.00
74	6.15	15474	65	29.07	2.76	0.00
72	6.01	15272	64	28.70	2.74	0.00
70	5.81	14824	64	29.46	2.89	0.00
72	5.99	15459	63	29.08	2.77	0.00
73	6.07	15800	64	28.85	2.72	0.00
71	5.90	14755	64	28.57	2.69	0.00
71	5.89	15105	64	29.49	2.71	0.00
69	5.75	13476	63	28.86	2.68	0.00
70	5.81	14054	64	29.16	2.74	0.00
71	5.95	14017	64	29.06	2.71	0.00
72	6.00	15156	63	29.32	2.72	0.00
70	5.86	14255	64	28.76	2.72	0.00
69	5.74	13579	63	28.49	2.68	0.00
70	5.86	14344	65	28.63	2.71	0.00
71	5.94	14328	63	28.46	2.69	0.00
73	6.09	14991	63	28.59	2.77	0.00
74	6.15	14754	64	28.61	2.69	0.00
75	6.26	15789	63	29.34	2.78	0.00
75	6.30	15493	63	29.36	2.73	0.00
72	5.98	15066	64	28.60	2.72	0.00
68	5.65	14417	63	29.24	2.79	0.00
67	5.56	12973	63	29.28	2.75	0.00
70	5.81	14057	63	29.34	2.76	0.00
68	5.69	13931	63	29.26	2.78	0.00
69	5.72	14126	64	29.19	2.75	0.00
69	5.77	13791	65	28.56	2.79	0.00
69	5.76	13785	64	28.95	2.77	0.00
72	5.99	14685	64	29.24	2.78	0.00
72	5.97	15055	63	29.05	2.71	0.00
70	5.81	13732	63	28.51	2.73	0.00
73	6.12	14684	65	29.01	2.81	0.00
76	6.32	15367	63	28.47	2.76	0.00
73	6.11	15091	64	28.62	2.72	0.00
72	6.03	15262	64	29.00	2.80	0.00
74	6.14	15143	64	29.05	2.78	0.00
74	6.17	15390	62	29.02	2.76	0.00
74	6.17	15520	63	28.72	2.71	0.00
70	5.88	15074	65	27.89	2.75	0.00
73	6.12	15191	65	28.71	2.77	0.00
75	6.30	15146	63	28.66	2.77	0.00
74	6.15	15481	64	28.72	2.73	0.00
71	5.96	14640	64	28.76	2.71	0.00
69	5.75	14228	62	29.04	2.77	0.00
71	5.89	14755	63	28.97	2.67	0.00
74	6.18	14886	64	29.45	2.81	0.00
69	5.78	13821	63	29.33	2.77	0.00
71	5.95	14618	63	29.30	2.76	0.00
72	5.99	15353	64	29.16	2.73	0.00
72	6.01	14822	63	29.28	2.78	0.00
70	5.86	14259	63	28.54	2.74	0.00
71	5.95	15313	64	28.98	2.79	0.00
69	5.78	14037	63	29.13	2.71	0.00
70	5.80	13966	62	29.43	2.73	0.00
70	5.86	14098	63	29.61	2.77	0.00
70	5.83	13877	64	29.19	2.74	0.00
72	5.99	14182	65	29.15	2.79	0.00
71	5.88	14546	65	28.97	2.76	0.00
70	5.83	14718	63	29.12	2.75	0.00
71	5.93	14328	65	28.00	2.68	0.00
70	5.87	14909	64	27.95	2.74	0.00
74	6.13	16083	63	28.52	2.71	0.00
74	6.14	15484	63	28.26	2.73	0.00
72	6.02	15564	64	28.28	2.72	0.00
72	6.05	15566	62	28.53	2.72	0.00
74	6.19	15120	64	28.45	2.75	0.00
74	6.16	14818	63	28.48	2.76	0.00
70	5.83	14530	64	28.65	2.75	0.00
70	5.81	14492	65	27.99	2.74	0.00
69	5.74	12803	63	27.94	2.73	0.00
71	5.90	13705	63	28.35	2.79	0.00
73	6.08	15202	64	28.25	2.72	0.00
73	6.12	15193	63	27.81	2.74	0.00
72	5.98	14266	64	27.92	2.81	0.00
72	5.97	13626	65	28.36	2.76	0.00
71	5.96	13291	64	28.70	2.79	0.00
71	5.92	12604	64	28.91	2.81	0.00
68	5.65	12384	64	28.55	2.74	0.00
69	5.76	12702	64	28.79	2.75	0.00
69	5.75	12888	62	28.77	2.76	0.00
71	5.89	13706	64	28.72	2.73	0.00
70	5.86	14105	64	28.83	2.74	0.00
72	6.02	14977	64	28.68	2.69	0.00
73	6.08	15495	65	29.20	2.72	0.00
73	6.08	14971	65	29.06	2.69	0.00
74	6.14	14653	64	28.76	2.72	0.00
72	5.98	14093	65	28.73	2.74	0.00
73	6.12	14400	64	28.65	2.71	0.00
72	6.00	13611	64	28.64	2.77	0.00
72	5.98	13910	64	28.56	2.74	0.00
72	6.01	14100	64	28.50	2.75	0.00
71	5.95	13826	64	28.33	2.78	0.00
69	5.74	13905	65	28.06	2.68	0.00
68	5.69	14774	65	28.80	2.75	0.00
71	5.95	15350	63	28.86	2.77	0.00
70	5.85	13672	64	28.63	2.70	0.00
67	5.59	12689	63	29.15	2.79	0.00
67	5.59	12274	65	29.04	2.75	0.00
71	5.95	14036	65	29.02	2.70	0.00
70	5.87	14633	65	28.87	2.71	0.00
70	5.87	15137	65	28.88	2.76	0.00
70	5.84	14814	63	28.79	2.71	0.00
70	5.83	13702	63	29.06	2.82	0.00
68	5.69	14068	64	29.17	2.79	0.00
71	5.89	14054	63	29.06	2.79	0.00
74	6.18	15785	65	29.30	2.74	0.00
73	6.09	15066	63	29.12	2.73	0.00
73	6.07	14995	63	28.86	2.73	0.00
75	6.23	15592	63	29.19	2.81	0.00
75	6.27	15286	64	28.77	2.72	0.00
75	6.25	15035	63	28.13	2.78	0.00
73	6.08	15208	63	28.87	2.82	0.00
73	6.08	14992	64	29.08	2.79	0.00
72	6.00	15197	64	28.75	2.77	0.00
72	6.02	15534	63	28.95	2.73	0.00
73	6.09	15243	64	29.20	2.71	0.00
73	6.07	14802	65	28.71	2.74	0.00
73	6.05	15354	64	29.75	2.87	0.00
67	5.59	14240	63	29.46	2.91	0.00
67	5.62	13953	64	29.03	2.80	0.00
72	5.97	15041	64	28.51	2.74	0.00
69	5.77	14542	65	29.16	2.72	0.00
69	5.75	14217	64	29.49	2.81	0.00
70	5.82	15076	63	29.16	2.81	0.00
71	5.92	13885	63	28.23	2.74	0.00
69	5.73	13523	65	28.19	2.71	0.00
70	5.88	13965	64	28.80	2.76	0.00
68	5.70	13349	64	29.05	2.75	0.00
66	5.48	13007	64	29.05	2.72	0.00
71	5.91	13736	64	28.80	2.74	0.00
72	5.99	14953	65	29.25	2.76	0.00
71	5.92	15369	63	29.08	2.76	0.00
69	5.72	14299	63	28.53	2.70	0.00
74	6.14	15907	64	28.74	2.80	0.00
72	6.05	15115	65	28.38	2.70	0.00
73	6.11	14965	63	28.57	2.71	0.00
72	5.98	14752	64	28.33	2.80	0.00
71	5.88	15032	64	28.47	2.70	0.00
69	5.72	13751	65	28.53	2.75	0.00
72	5.99	14120	63	28.82	2.74	0.00
70	5.81	13763	64	28.58	2.74	0.00
72	5.98	13731	63	28.53	2.79	0.00
72	6.03	14117	65	28.08	2.74	0.00
76	6.36	15450	63	28.33	2.74	0.00
77	6.42	15050	63	27.62	2.74	0.00
74	6.18	14797	64	28.10	2.74	0.00
72	6.02	14183	63	28.00	2.72	0.00
74	6.14	15170	63	27.89	2.67	0.00
72	6.04	15612	63	28.54	2.74	0.00
72	6.04	15292	64	28.43	2.74	0.00
72	6.01	14656	64	28.10	2.74	0.00
73	6.13	15299	64	28.07	2.78	0.00
72	6.03	15224	63	28.26	2.72	0.00
75	6.25	15093	64	27.97	2.73	0.00
72	5.99	13710	64	27.75	2.71	0.00
74	6.16	14996	63	28.33	2.69	0.00
72	5.97	15107	63	28.13	2.72	0.00
71	5.89	15797	64	28.38	2.72	0.00
72	6.01	15326	64	28.21	2.72	0.00
71	5.92	15237	64	28.25	2.72	0.00
72	5.98	15053	64	28.23	2.73	0.00
74	6.18	15363	63	28.05	2.74	0.00
76	6.31	15235	63	27.61	2.69	0.00
76	6.35	15392	63	27.98	2.75	0.00
75	6.23	15092	63	28.02	2.74	0.00
77	6.41	15262	63	28.11	2.74	0.00
76	6.30	14937	63	28.20	2.75	0.00
72	6.04	14262	64	28.02	2.71	0.00
75	6.28	15242	64	28.26	2.75	0.00
74	6.21	15201	64	28.06	2.67	0.00
72	6.00	15323	65	28.37	2.73	0.00
72	6.00	14628	64	28.16	2.68	0.00
71	5.96	13889	63	28.31	2.71	0.00
73	6.12	15743	63	28.75	2.74	0.00
72	6.00	14345	65	28.10	2.75	0.00
72	6.03	14243	62	27.88	2.76	0.00
74	6.17	14932	65	28.03	2.70	0.00
75	6.23	15381	63	28.41	2.74	0.00
73	6.07	15314	64	28.42	2.72	0.00
72	5.98	14742	63	28.35	2.68	0.00
71	5.94	14033	64	28.25	2.69	0.00
70	5.87	13822	65	28.20	2.65	0.00
71	5.96	14042	64	28.36	2.73	0.00
71	5.93	14620	64	28.09	2.73	0.00
73	6.07	15606	64	28.51	2.73	0.00
73	6.05	15142	63	28.31	2.67	0.00
71	5.94	15045	63	29.59	2.98	0.00
73	6.11	15401	64	29.22	2.97	0.00
74	6.13	15350	64	28.57	2.77	0.00
74	6.19	15628	64	28.14	2.69	0.00
76	6.30	15267	64	28.18	2.70	0.00
75	6.23	15689	64	28.24	2.70	0.00
75	6.23	13839	66	27.88	2.70	0.00
72	5.99	13392	63	27.60	2.75	0.00
73	6.08	12925	64	27.61	2.78	0.00
69	5.73	12519	65	27.92	2.79	0.00
71	5.88	13483	65	28.04	2.74	0.00
70	5.81	13730	66	27.89	2.74	0.00
71	5.88	13768	65	27.83	2.74	0.00
74	6.18	14160	65	28.28	2.76	0.00
74	6.20	15306	65	28.36	2.76	0.00
72	6.04	14836	63	28.09	2.70	0.00
70	5.82	14862	64	27.81	2.69	0.00
70	5.82	14043	65	28.35	2.71	0.00
72	5.96	14115	65	28.17	2.73	0.00
71	5.96	14473	65	28.04	2.70	0.00
73	6.11	15248	64	28.20	2.74	0.00
72	5.99	13566	64	27.82	2.70	0.00
72	6.03	14286	66	28.30	2.72	0.00
72	5.97	14482	64	28.14	2.75	0.00
72	5.99	15614	64	28.19	2.73	0.00
73	6.12	15168	65	28.20	2.72	0.00
73	6.11	13246	65	27.73	2.72	0.00
73	6.07	14228	64	27.72	2.74	0.00
72	6.01	15270	65	28.16	2.70	0.00
74	6.14	15116	64	28.03	2.68	0.00
74	6.15	15133	65	28.05	2.69	0.00
72	5.98	15387	63	28.09	2.68	0.00
73	6.08	15239	64	28.03	2.71	0.00
75	6.26	14511	64	27.82	2.70	0.00
73	6.05	14149	63	28.25	2.72	0.00
69	5.77	14190	63	28.37	2.70	0.00
72	6.00	15080	63	27.73	2.72	0.00
73	6.07	15507	64	28.20	2.72	0.00
76	6.35	15307	63	28.22	2.69	0.00
71	5.95	14389	65	27.43	2.72	0.00
74	6.14	15540	64	27.28	2.80	0.00
75	6.23	15567	64	27.93	2.77	0.00
73	6.06	14794	64	28.12	2.71	0.00
73	6.05	14054	64	28.03	2.75	0.00
72	5.97	13748	64	28.11	2.73	0.00
71	5.92	14256	65	28.64	2.73	0.00
74	6.13	14063	63	29.04	2.78	0.00
74	6.15	14699	65	28.79	2.75	0.00
71	5.93	15052	63	28.35	2.73	0.00
74	6.13	13742	65	28.09	2.63	0.00
75	6.21	15213	63	28.76	2.66	0.00
75	6.22	15529	64	28.01	2.71	0.00
73	6.08	15533	63	28.47	2.72	0.00
73	6.08	15427	64	28.70	2.69	0.00
73	6.05	15513	65	29.09	2.70	0.00
69	5.77	14390	65	28.10	2.66	0.00
70	5.83	14019	63	28.50	2.75	0.00
71	5.89	13869	65	27.87	2.70	0.00
72	6.05	13819	65	28.05	2.70	0.00
70	5.87	13228	65	27.68	2.76	0.00
72	5.97	13786	65	27.91	2.73	0.00
71	5.92	13953	62	28.09	2.73	0.00
73	6.07	15133	63	28.18	2.68	0.00
72	6.02	15198	65	28.32	2.73	0.00
72	5.97	14841	64	28.11	2.69	0.00
74	6.13	15368	65	28.32	2.73	0.00
74	6.17	15586	63	28.33	2.73	0.00
72	6.00	15229	63	28.15	2.69	0.00
71	5.95	14365	63	28.32	2.74	0.00
72	5.97	13556	64	28.05	2.72	0.00
72	6.00	13948	64	28.14	2.72	0.00
72	6.01	14511	64	27.73	2.71	0.00
74	6.13	14181	65	28.12	2.74	0.00
74	6.19	14948	65	28.12	2.69	0.00
75	6.24	15654	64	28.39	2.76	0.00
73	6.09	14986	65	27.87	2.76	0.00
74	6.18	15660	64	28.29	2.74	0.00
70	5.83	14168	64	27.57	2.70	0.00
72	5.99	14233	65	28.23	2.79	0.00
69	5.78	13558	64	28.69	2.84	0.00
72	6.00	14046	64	28.55	2.73	0.00
71	5.96	14419	65	28.36	2.74	0.00
71	5.92	13590	64	27.98	2.69	0.00
72	6.03	14844	64	28.30	2.74	0.00
73	6.10	15309	64	27.94	2.77	0.00
73	6.10	15689	64	27.86	2.76	0.00
72	5.97	15333	65	28.43	2.75	0.00
73	6.09	15453	65	28.22	2.70	0.00
72	6.04	15009	64	27.81	2.64	0.00
75	6.25	15464	64	27.71	2.75	0.00
73	6.11	15774	64	27.97	2.73	0.00
71	5.93	16071	64	28.20	2.78	0.00
73	6.05	15513	64	27.94	2.71	0.00
76	6.36	15735	64	28.06	2.73	0.00
74	6.16	14810	62	28.13	2.75	0.00
74	6.18	14556	63	27.85	2.70	0.00
73	6.10	15105	65	28.35	2.72	0.00
72	6.03	15337	64	28.18	2.70	0.00
73	6.07	14713	63	28.02	2.71	0.00
74	6.15	14857	63	28.09	2.71	0.00
74	6.14	15173	63	28.02	2.69	0.00
75	6.24	15922	64	28.47	2.76	0.00
72	5.97	14853	64	28.16	2.73	0.00
68	5.70	12496	64	27.91	2.76	0.00
64	5.31	11342	64	28.10	2.76	0.00
65	5.46	11564	64	28.09	2.77	0.00
66	5.49	11762	64	27.86	2.77	0.00
66	5.55	12733	65	27.86	2.75	0.00
72	5.99	14416	64	28.16	2.70	0.00
72	5.99	15276	64	27.90	2.67	0.00
71	5.89	15128	65	28.24	2.72	0.00
72	5.99	15593	65	28.14	2.72	0.00
73	6.08	15570	64	28.20	2.70	0.00
72	6.00	15745	63	27.90	2.69	0.00
73	6.05	15679	65	27.87	2.75	0.00
69	5.76	14528	64	27.81	2.72	0.00
70	5.83	14066	63	28.19	2.71	0.00
71	5.93	13991	64	28.09	2.73	0.00
75	6.23	15230	65	27.59	2.68	0.00
74	6.14	15351	65	27.70	2.76	0.00
76	6.33	15395	64	27.58	2.73	0.00
75	6.25	15547	63	27.90	2.69	0.00
74	6.21	15340	64	27.41	2.70	0.00
74	6.15	15261	64	27.73	2.72	0.00
77	6.43	15224	65	27.78	2.73	0.00
76	6.38	15161	64	27.23	2.70	0.00
72	6.04	15483	65	27.80	2.71	0.00
71	5.94	14874	64	27.83	2.73	0.00
73	6.11	15604	64	28.31	2.75	0.00
72	6.00	14943	64	28.01	2.73	0.00
69	5.75	13366	64	27.56	2.67	0.00
70	5.84	14217	64	27.91	2.70	0.00
72	6.04	14246	64	27.84	2.74	0.00
73	6.06	13926	63	27.92	2.73	0.00
74	6.14	13996	64	27.75	2.76	0.00
73	6.07	13542	63	27.54	2.76	0.00
72	6.03	14404	64	27.88	2.70	0.00
74	6.19	15714	65	28.03	2.73	0.00
74	6.20	15583	64	27.39	2.70	0.00
76	6.32	15168	65	27.79	2.71	0.00
73	6.11	14700	63	27.70	2.70	0.00
74	6.19	14270	64	27.98	2.72	0.00
74	6.19	14001	65	28.16	2.75	0.00
73	6.13	14323	64	27.95	2.75	0.00
71	5.95	13876	63	27.77	2.73	0.00
71	5.94	14323	63	27.61	2.70	0.00
74	6.14	14622	63	28.03	2.72	0.00
73	6.09	13653	63	27.97	2.72	0.00
72	5.99	14010	63	27.72	2.72	0.00
74	6.16	15250	64	28.12	2.70	0.00
74	6.14	15453	63	28.31	2.74	0.00
74	6.19	15291	63	28.06	2.69	0.00
74	6.14	15231	63	27.61	2.68	0.00
73	6.11	15350	65	27.17	2.69	0.00
73	6.12	15924	64	27.46	2.71	0.00
74	6.14	15234	64	28.16	2.76	0.00
71	5.94	15488	64	28.14	2.69	0.00
74	6.15	15440	64	27.93	2.67	0.00
73	6.12	15036	65	27.64	2.69	0.00
74	6.18	15248	64	27.85	2.71	0.00
80	6.64	16762	64	28.36	2.76	0.00
73	6.09	15444	64	28.25	2.74	0.00
72	5.99	14592	64	29.19	2.81	0.00
74	6.14	15407	63	28.50	2.69	0.00
72	6.03	14951	65	28.79	2.83	0.00
74	6.18	15227	63	28.39	2.75	0.00
75	6.26	15478	63	28.44	2.78	0.00
74	6.15	14726	63	28.12	2.68	0.00
72	6.02	15426	63	28.60	2.72	0.00
71	5.89	14455	63	28.30	2.73	0.00
75	6.26	15815	64	28.08	2.74	0.00
76	6.35	15545	62	28.55	2.76	0.00
74	6.20	15010	62	28.38	2.73	0.00
74	6.15	14948	63	28.29	2.72	0.00
72	6.03	14800	63	27.80	2.68	0.00
73	6.09	14959	63	28.68	2.77	0.00
73	6.13	13691	63	27.53	2.74	0.00
75	6.20	14567	65	28.08	2.79	0.00
73	6.09	15393	64	27.93	2.75	0.00
74	6.17	14806	63	27.55	2.71	0.00
73	6.08	15065	64	27.94	2.69	0.00
73	6.10	15376	64	28.20	2.72	0.00
74	6.20	15455	64	27.97	2.67	0.00
76	6.31	15754	63	28.34	2.71	0.00
73	6.10	15536	64	28.88	2.76	0.00
73	6.07	15232	65	28.59	2.69	0.00
71	5.93	15352	63	28.72	2.69	0.00
73	6.07	15173	63	28.53	2.65	0.00
71	5.91	14920	65	28.56	2.70	0.00
72	6.04	15397	63	28.65	2.70	0.00
72	6.04	16076	64	28.70	2.72	0.00
72	5.96	15098	62	28.41	2.69	0.00
72	6.04	14979	64	28.42	2.66	0.00
71	5.92	13961	63	28.36	2.75	0.00
72	5.97	14326	63	28.13	2.72	0.00
72	6.00	15394	65	28.24	2.76	0.00
72	6.04	14976	63	27.97	2.72	0.00
71	5.92	14815	63	27.85	2.70	0.00
69	5.74	13772	64	28.08	2.74	0.00
76	6.33	14892	63	27.98	2.85	0.00
74	6.17	15430	62	27.85	2.68	0.00
73	6.11	15270	64	28.04	2.68	0.00
75	6.22	15882	63	27.84	2.79	0.00
75	6.22	14986	63	27.89	2.79	0.00
76	6.34	15244	63	27.31	2.76	0.00
75	6.25	14965	64	26.96	2.72	0.00
73	6.10	14504	63	26.94	2.72	0.00
75	6.28	15305	63	27.00	2.71	0.00
75	6.24	15229	65	26.90	2.70	0.00
74	6.16	15249	63	27.27	2.73	0.00
72	5.98	15085	64	26.84	2.68	0.00
73	6.09	15123	65	27.01	2.74	0.00
74	6.19	14442	63	27.15	2.75	0.00
74	6.17	15208	63	27.25	2.73	0.00
73	6.11	15093	64	27.39	2.77	0.00
72	5.97	14936	63	27.59	2.70	0.00
72	5.98	15068	64	28.96	2.69	0.00
73	6.06	15468	63	28.79	2.71	0.00
73	6.05	14245	63	28.51	2.70	0.00
74	6.15	14117	64	28.62	2.79	0.00
75	6.25	14374	64	28.80	2.80	0.00
73	6.07	14983	64	28.91	2.73	0.00
73	6.07	14720	63	28.14	2.66	0.00
71	5.93	14229	63	28.74	2.74	0.00
71	5.93	15070	64	28.35	2.68	0.00
74	6.15	15213	62	28.20	2.66	0.00
72	6.04	15406	64	28.73	2.73	0.00
73	6.09	14997	63	28.42	2.74	0.00
74	6.15	14892	63	27.78	2.64	0.00
74	6.16	15616	64	28.87	2.70	0.00
73	6.10	14994	64	28.60	2.66	0.00
75	6.25	14869	65	28.57	2.73	0.00
74	6.16	14114	64	28.57	2.77	0.00
73	6.13	15163	64	29.36	2.89	0.00
73	6.07	14998	64	28.62	2.80	0.00
71	5.96	14938	64	28.23	2.73	0.00
71	5.93	15108	63	28.51	2.73	0.00
68	5.68	13829	63	28.78	2.74	0.00
71	5.88	14834	63	28.24	2.71	0.00
70	5.84	13801	64	28.16	2.70	0.00
73	6.11	15041	64	28.80	2.75	0.00
73	6.13	15331	65	29.13	2.79	0.00
73	6.12	15200	64	28.57	2.71	0.00
71	5.90	15056	64	28.36	2.72	0.00
72	6.04	15388	64	28.55	2.73	0.00
71	5.92	13633	64	28.01	2.70	0.00
72	6.01	14929	64	28.07	2.73	0.00
73	6.11	15590	64	28.13	2.76	0.00
75	6.22	15109	64	28.22	2.76	0.00
74	6.16	15324	64	28.37	2.75	0.00
73	6.05	14972	63	28.48	2.77	0.00
73	6.06	14054	65	27.60	2.75	0.00
71	5.94	14304	64	28.22	2.75	0.00
73	6.09	14575	65	28.54	2.83	0.00
73	6.06	14202	64	27.95	2.78	0.00
74	6.19	14938	63	28.30	2.72	0.00
74	6.19	15481	63	28.20	2.69	0.00
73	6.12	15457	65	28.15	2.69	0.00
71	5.94	14054	64	28.00	2.71	0.00
73	6.11	13996	65	28.29	2.80	0.00
73	6.05	13899	63	28.47	2.79	0.00
72	6.00	14189	64	28.51	2.78	0.00
72	6.03	15204	64	28.51	2.80	0.00
74	6.18	15121	65	28.38	2.77	0.00
73	6.07	14274	65	28.29	2.76	0.00
74	6.14	14447	63	28.31	2.75	0.00
73	6.05	14867	64	28.09	2.68	0.00
73	6.05	15040	64	28.19	2.70	0.00
69	5.75	13729	64	28.46	2.75	0.00
69	5.79	14086	65	28.66	2.71	0.00
71	5.91	14211	64	28.63	2.72	0.00
70	5.81	14183	63	28.95	2.73	0.00
71	5.89	14167	65	28.89	2.69	0.00
71	5.93	14471	64	28.60	2.75	0.00
69	5.78	13456	65	28.77	2.74	0.00
68	5.64	13693	64	28.77	2.67	0.00
71	5.96	14630	63	29.00	2.69	0.00
71	5.91	14394	64	28.86	2.72	0.00
75	6.22	15680	63	29.20	2.72	0.00
74	6.18	15130	64	29.01	2.67	0.00
69	5.79	14788	64	28.80	2.72	0.00
71	5.95	13747	63	28.85	2.72	0.00
70	5.82	13443	64	28.77	2.70	0.00
70	5.86	14225	63	28.97	2.71	0.00
71	5.96	14549	63	28.76	2.72	0.00
72	5.99	15279	64	29.06	2.64	0.00
74	6.14	15663	63	29.07	2.72	0.00
73	6.08	15318	64	28.68	2.71	0.00
69	5.78	14121	64	28.40	2.74	0.00
67	5.62	14220	64	28.56	2.72	0.00
70	5.83	13858	64	28.46	2.69	0.00
69	5.72	13792	63	28.59	2.70	0.00
74	6.16	14949	64	28.62	2.73	0.00
74	6.15	15331	64	28.83	2.73	0.00
74	6.14	14563	64	28.39	2.70	0.00
72	6.01	14143	64	28.40	2.77	0.00
71	5.94	15265	64	28.34	2.76	0.00
73	6.06	14652	64	28.30	2.72	0.00
71	5.91	14307	65	28.39	2.77	0.00
71	5.93	14251	63	28.21	2.69	0.00
74	6.20	15276	63	28.75	2.83	0.00
72	6.03	14587	63	28.27	2.76	0.00
71	5.93	14340	63	28.62	2.72	0.00
72	5.98	14732	63	28.79	2.71	0.00
71	5.92	15262	64	28.17	2.71	0.00
73	6.05	15569	63	28.49	2.73	0.00
73	6.11	15063	63	28.38	2.72	0.00
74	6.20	15118	64	28.31	2.70	0.00
73	6.10	14854	63	28.07	2.73	0.00
74	6.14	15311	63	28.45	2.76	0.00
73	6.08	15383	64	29.07	2.75	0.00
73	6.12	15196	64	28.73	2.69	0.00
71	5.95	14635	64	27.95	2.69	0.00
71	5.92	14323	64	28.83	2.75	0.00
74	6.14	15636	64	28.99	2.72	0.00
71	5.91	15035	64	28.51	2.68	0.00
69	5.76	14819	64	28.41	2.70	0.00
72	6.01	14855	64	28.49	2.70	0.00
73	6.05	15431	64	28.84	2.70	0.00
72	5.99	14489	64	28.15	2.73	0.00
71	5.94	14935	64	28.27	2.73	0.00
71	5.95	14379	63	27.86	2.70	0.00
72	5.99	15204	64	28.40	2.70	0.00
73	6.06	14876	64	28.95	2.81	0.00
71	5.94	15018	64	28.39	2.71	0.00
71	5.91	15107	63	28.30	2.74	0.00
75	6.23	15561	64	28.78	2.74	0.00
74	6.20	15339	63	28.43	2.71	0.00
74	6.19	15221	63	28.47	2.69	0.00
70	5.86	15146	63	28.14	2.70	0.00
71	5.95	15704	65	28.37	2.72	0.00
74	6.21	15369	64	28.84	2.73	0.00
75	6.25	15538	64	29.08	2.72	0.00
68	5.70	14145	64	28.82	2.66	0.00
72	5.99	14205	64	28.61	2.74	0.00
72	6.03	14279	64	28.66	2.71	0.00
73	6.06	14134	65	28.82	2.67	0.00
73	6.11	14479	63	28.36	2.70	0.00
71	5.92	14970	63	28.95	2.76	0.00
71	5.90	14884	63	28.53	2.70	0.00
73	6.06	14933	64	28.85	2.70	0.00
69	5.74	13406	63	28.73	2.73	0.00
73	6.05	14542	64	28.76	2.69	0.00
73	6.11	15455	63	28.64	2.75	0.00
75	6.24	15323	63	28.85	2.87	0.00
71	5.95	15178	64	29.71	2.99	0.00
71	5.95	14996	64	28.76	2.74	0.00
72	6.02	14779	64	28.77	2.70	0.00
71	5.91	14025	65	28.27	2.72	0.00
74	6.19	15330	64	28.51	2.70	0.00
72	5.97	15241	64	28.29	2.69	0.00
73	6.10	14880	65	28.70	2.74	0.00
74	6.20	15437	64	28.80	2.74	0.00
74	6.13	15089	63	28.11	2.74	0.00
71	5.94	15163	63	28.33	2.71	0.00
72	5.99	15076	63	28.84	2.73	0.00
72	6.01	15944	64	28.69	2.70	0.00
69	5.77	12544	65	28.18	2.74	0.00
71	5.94	13927	64	28.23	2.75	0.00
73	6.06	14190	63	27.75	2.67	0.00
74	6.18	15204	64	28.55	2.68	0.00
74	6.16	15303	64	28.94	2.72	0.00
69	5.75	13555	64	28.70	2.70	0.00
71	5.88	14152	64	28.76	2.71	0.00
69	5.79	14093	64	29.02	2.75	0.00
69	5.76	14100	64	28.67	2.75	0.00
70	5.85	13729	64	28.27	2.68	0.00
71	5.96	14789	64	28.92	2.70	0.00
71	5.95	15339	64	29.06	2.70	0.00
70	5.85	14013	63	28.51	2.68	0.00
68	5.68	13926	62	28.94	2.73	0.00
71	5.95	14595	64	28.45	2.71	0.00
73	6.09	15511	63	28.74	2.71	0.00
76	6.31	15406	63	28.56	2.74	0.00
73	6.13	15200	64	28.53	2.71	0.00
74	6.15	15115	64	28.53	2.67	0.00
71	5.95	14405	64	28.36	2.69	0.00
70	5.86	13578	63	28.09	2.67	0.00
72	6.03	15181	63	28.40	2.72	0.00
73	6.05	15380	63	28.61	2.68	0.00
73	6.12	15463	64	28.98	2.75	0.00
73	6.09	15717	63	28.62	2.68	0.00
72	6.00	14951	63	28.21	2.70	0.00
71	5.89	15044	64	29.13	2.82	0.00
68	5.69	13508	65	28.94	2.83	0.00
68	5.70	14086	64	29.27	2.90	0.00
71	5.93	14392	63	28.55	2.76	0.00
73	6.07	13789	63	28.36	2.72	0.00
75	6.24	14062	64	28.47	2.78	0.00
75	6.27	15446	63	28.75	2.72	0.00
71	5.92	14373	65	28.48	2.72	0.00
75	6.22	14874	64	27.70	2.67	0.00
71	5.95	15795	63	28.30	2.73	0.00
72	5.97	14983	63	27.96	2.68	0.00
72	5.99	14623	63	28.28	2.74	0.00
72	5.97	14903	63	28.58	2.74	0.00
75	6.27	15735	64	29.12	2.69	0.00
74	6.14	15154	64	28.76	2.67	0.00
72	5.99	14625	64	28.54	2.70	0.00
70	5.82	16135	64	28.41	2.72	0.00
74	6.17	15882	63	28.59	2.69	0.00
73	6.06	15563	64	28.45	2.70	0.00
70	5.86	14932	64	28.21	2.66	0.00
71	5.93	15474	63	28.42	2.67	0.00
72	6.00	15310	64	28.58	2.68	0.00
74	6.19	15496	64	29.12	2.74	0.00
74	6.18	14753	64	27.79	2.66	0.00
71	5.93	14632	63	28.18	2.72	0.00
73	6.09	15448	63	28.50	2.70	0.00
73	6.12	15128	65	28.61	2.72	0.00
70	5.88	15252	63	28.61	2.68	0.00
72	6.02	15061	64	28.74	2.67	0.00
73	6.12	15365	64	28.85	2.71	0.00
74	6.18	15280	63	28.50	2.70	0.00
71	5.94	13908	63	28.71	2.75	0.00
74	6.14	14649	65	28.48	2.73	0.00
76	6.31	15461	63	28.68	2.71	0.00
77	6.41	15174	64	28.36	2.66	0.00
75	6.24	15190	63	28.53	2.72	0.00
71	5.93	15263	63	29.49	2.83	0.00
70	5.85	14859	64	28.95	2.83	0.00
71	5.95	14707	65	28.55	2.71	0.00
72	5.98	14369	64	28.64	2.78	0.00
74	6.21	15601	63	28.25	2.73	0.00
71	5.96	14977	63	28.20	2.69	0.00
71	5.93	15005	64	28.84	2.72	0.00
69	5.78	14457	65	28.67	2.73	0.00
69	5.73	13036	63	27.99	2.70	0.00
69	5.77	12547	63	28.49	2.74	0.00
68	5.70	12325	64	28.23	2.76	0.00
69	5.73	12533	63	28.48	2.75	0.00
70	5.81	13887	63	28.75	2.75	0.00
71	5.96	15084	64	29.20	2.75	0.00
72	6.01	15068	65	28.69	2.71	0.00
70	5.84	14836	64	28.79	2.69	0.00
71	5.89	15014	65	28.84	2.76	0.00
72	6.04	14145	65	28.47	2.67	0.00
72	6.02	14059	65	29.11	2.73	0.00
73	6.07	14816	66	29.03	2.73	0.00
72	6.03	15244	64	28.33	2.68	0.00
74	6.13	15371	63	28.38	2.70	0.00
75	6.26	15595	63	28.82	2.71	0.00
74	6.17	15132	64	28.43	2.73	0.00
71	5.91	14214	63	28.36	2.71	0.00
70	5.85	15034	65	28.87	2.72	0.00
70	5.84	14723	64	28.84	2.69	0.00
70	5.83	14359	65	29.05	2.72	0.00
69	5.79	13767	65	28.72	2.70	0.00
69	5.74	13979	65	28.88	2.75	0.00
71	5.96	14387	63	28.73	2.70	0.00
69	5.74	14466	64	28.66	2.73	0.00
69	5.78	13509	65	28.55	2.69	0.00
71	5.95	14369	65	29.00	2.73	0.00
72	6.03	15260	64	28.40	2.69	0.00
72	5.96	14745	64	28.48	2.69	0.00
74	6.15	15489	64	28.60	2.70	0.00
74	6.17	15562	63	28.72	2.69	0.00
71	5.88	14998	64	28.04	2.68	0.00
72	6.04	15395	65	28.70	2.68	0.00
75	6.26	15512	65	29.03	2.71	0.00
71	5.92	14455	65	28.23	2.70	0.00
72	5.99	13817	64	28.25	2.73	0.00
72	5.97	13398	64	28.14	2.75	0.00
72	5.98	14516	64	27.91	2.71	0.00
73	6.11	14768	64	27.75	2.72	0.00
70	5.80	14999	65	28.38	2.72	0.00
76	6.30	15601	63	28.90	2.73	0.00
71	5.93	15206	66	28.05	2.70	0.00
72	5.99	16010	65	28.05	2.79	0.00
72	6.03	15130	65	28.36	2.68	0.00
73	6.13	15737	64	28.69	2.76	0.00
71	5.92	14798	64	28.87	2.71	0.00
70	5.80	15196	63	28.59	2.72	0.00
71	5.93	15310	64	28.92	2.69	0.00
70	5.80	13807	64	28.30	2.71	0.00
73	6.12	15529	64	28.58	2.71	0.00
71	5.95	14826	64	28.12	2.70	0.00
72	5.98	15329	65	28.30	2.71	0.00
74	6.13	15125	63	28.48	2.72	0.00
73	6.07	14981	65	28.60	2.74	0.00
73	6.06	14633	64	28.23	2.75	0.00
72	5.99	15478	64	28.36	2.68	0.00
74	6.20	15691	64	29.00	2.74	0.00
72	5.98	15225	63	28.85	2.72	0.00
72	6.03	14389	62	28.32	2.70	0.00
72	6.03	14919	64	28.63	2.73	0.00
73	6.08	14326	64	28.37	2.79	0.00
74	6.19	14748	64	28.43	2.73	0.00
73	6.05	14642	64	28.33	2.69	0.00
73	6.06	15798	64	28.51	2.69	0.00
70	5.85	14581	65	28.39	2.71	0.00
69	5.77	14031	64	28.61	2.75	0.00
70	5.80	14429	63	28.34	2.71	0.00
70	5.82	13937	65	28.90	2.75	0.00
71	5.89	14181	64	29.10	2.75	0.00
71	5.88	14176	64	29.00	2.76	0.00
70	5.80	13902	65	28.94	2.74	0.00
68	5.64	14020	65	28.53	2.71	0.00
70	5.85	13901	64	28.69	2.68	0.00
70	5.85	13829	64	28.54	2.70	0.00
74	6.14	15497	64	28.97	2.73	0.00
71	5.90	13740	64	28.12	2.73	0.00
71	5.94	12740	64	27.85	2.73	0.00
72	6.04	12435	65	27.73	2.72	0.00
69	5.72	13015	65	28.61	2.73	0.00
66	5.52	11682	65	28.53	2.76	0.00
69	5.79	12848	64	28.35	2.74	0.00
72	6.01	15323	63	28.63	2.67	0.00
75	6.22	15495	64	28.89	2.71	0.00
70	5.86	13711	63	27.95	2.68	0.00
71	5.91	13878	64	28.67	2.69	0.00
72	5.98	14108	63	28.76	2.74	0.00
71	5.90	14199	62	28.38	2.73	0.00
71	5.94	13986	64	28.68	2.74	0.00
73	6.08	15032	65	29.03	2.78	0.00
76	6.34	15412	65	28.72	2.76	0.00
77	6.41	15236	64	28.33	2.73	0.00
72	5.98	14951	64	28.14	2.71	0.00
71	5.94	14037	63	28.30	2.69	0.00
69	5.72	13827	64	28.51	2.77	0.00
70	5.86	14459	64	28.71	2.73	0.00
71	5.93	14977	64	28.29	2.69	0.00
71	5.94	15108	64	28.28	2.75	0.00
72	6.00	14939	63	28.27	2.68	0.00
70	5.87	13510	64	28.65	2.75	0.00
69	5.79	13255	62	28.42	2.76	0.00
70	5.83	13780	64	28.43	2.71	0.00
73	6.13	14661	65	28.29	2.72	0.00
73	6.07	15164	64	28.56	2.68	0.00
72	6.03	15496	64	29.24	2.76	0.00
72	6.03	14759	64	28.47	2.73	0.00
70	5.85	14464	64	27.97	2.78	0.00
72	5.97	13956	64	28.31	2.74	0.00
70	5.87	13755	64	27.83	2.71	0.00
72	5.97	14206	63	28.47	2.79	0.00
71	5.90	13932	63	28.30	2.75	0.00
71	5.95	13905	65	28.44	2.73	0.00
70	5.84	14875	63	28.25	2.74	0.00
71	5.92	15261	65	28.73	2.71	0.00
74	6.15	15385	64	28.73	2.79	0.00
70	5.84	15353	64	28.99	2.75	0.00
70	5.84	15127	64	28.38	2.71	0.00
70	5.83	14264	64	28.70	2.70	0.00
71	5.94	14367	65	28.44	2.69	0.00
75	6.23	15543	64	28.92	2.75	0.00
73	6.06	14962	64	28.84	2.74	0.00
70	5.87	14989	63	28.54	2.71	0.00
71	5.93	14482	63	28.78	2.72	0.00
69	5.79	13552	63	28.19	2.70	0.00
70	5.86	15122	62	28.81	2.75	0.00
72	6.00	15220	63	29.04	2.79	0.00
75	6.26	15203	63	28.72	2.71	0.00
73	6.10	15337	64	28.60	2.76	0.00
72	6.03	15187	63	28.68	2.70	0.00
71	5.93	14656	63	28.25	2.70	0.00
70	5.84	13802	64	28.42	2.72	0.00
68	5.70	13617	64	28.72	2.73	0.00
71	5.94	13870	64	29.07	2.67	0.00
69	5.74	13708	65	29.06	2.69	0.00
70	5.84	14183	64	28.87	2.76	0.00
73	6.08	15067	65	28.48	2.71	0.00
71	5.90	14231	65	27.96	2.70	0.00
70	5.86	14002	64	28.45	2.77	0.00
72	6.01	13906	64	28.29	2.67	0.00
73	6.08	14174	64	28.84	2.75	0.00
72	6.03	14275	65	28.86	2.72	0.00
70	5.81	13118	65	27.65	2.71	0.00
72	5.98	15035	64	28.44	2.74	0.00
73	6.12	15276	64	29.05	2.74	0.00
72	6.00	15325	63	29.17	2.74	0.00
69	5.78	14828	63	28.65	2.69	0.00
74	6.14	15531	63	29.12	2.71	0.00
72	5.99	15282	64	29.02	2.74	0.00
72	6.04	14732	64	28.86	2.77	0.00
72	6.04	14911	64	28.66	2.76	0.00
70	5.83	13985	63	28.15	2.69	0.00
73	6.07	14592	64	28.64	2.70	0.00
71	5.90	14656	64	28.61	2.69	0.00
73	6.08	15480	64	29.11	2.70	0.00
72	6.04	15223	64	29.08	2.72	0.00
74	6.16	15770	65	28.96	2.70	0.00
71	5.94	15147	63	28.56	2.65	0.00
72	6.01	15475	64	28.76	2.73	0.00
72	5.99	14986	63	28.81	2.70	0.00
73	6.12	15293	64	28.79	2.72	0.00
74	6.13	15267	63	28.64	2.71	0.00
71	5.95	15030	62	28.22	2.70	0.00
72	5.97	15510	64	28.67	2.71	0.00
72	6.04	15278	63	28.36	2.68	0.00
70	5.84	14087	63	28.41	2.69	0.00
70	5.83	13558	64	28.03	2.71	0.00
70	5.87	13569	63	28.59	2.75	0.00
71	5.92	14340	64	28.40	2.71	0.00
72	6.02	14967	63	28.22	2.66	0.00
71	5.94	15115	63	28.60	2.70	0.00
71	5.95	15413	63	28.57	2.70	0.00
71	5.93	14138	63	28.29	2.70	0.00
70	5.83	13642	63	28.31	2.69	0.00
69	5.79	12817	65	28.39	2.76	0.00
72	5.97	14493	63	28.62	2.71	0.00
75	6.29	15108	63	28.67	2.72	0.00
74	6.15	15319	63	28.96	2.76	0.00
70	5.87	14684	63	28.45	2.68	0.00
72	5.99	15383	64	28.82	2.66	0.00
71	5.95	15301	64	28.76	2.73	0.00
74	6.16	15383	63	28.84	2.70	0.00
71	5.89	15821	64	28.80	2.70	0.00
72	5.97	15909	63	29.12	2.70	0.00
73	6.10	15237	62	28.85	2.66	0.00
73	6.08	15363	63	28.76	2.72	0.00
73	6.10	15139	64	27.94	2.69	0.00
73	6.12	15114	63	28.75	2.71	0.00
70	5.87	13757	63	28.94	2.72	0.00
69	5.78	13737	63	28.92	2.73	0.00
69	5.73	13377	65	28.87	2.75	0.00
71	5.91	14241	63	28.92	2.69	0.00
75	6.24	15330	64	28.78	2.67	0.00
74	6.18	15137	65	28.56	2.67	0.00
72	6.03	14929	64	27.99	2.68	0.00
71	5.94	15203	64	28.58	2.71	0.00
72	6.01	14038	63	28.99	2.73	0.00
74	6.19	15105	65	29.01	2.72	0.00
75	6.24	15135	65	29.03	2.70	0.00
75	6.24	15334	63	28.96	2.69	0.00
75	6.24	15309	64	28.95	2.70	0.00
75	6.25	15316	63	28.56	2.70	0.00
71	5.91	13933	63	27.90	2.71	0.00
68	5.65	14233	64	28.66	2.72	0.00
62	5.14	12906	63	28.13	2.67	0.00
61	5.05	12830	64	28.33	2.75	0.00
62	5.14	12431	63	28.33	2.68	0.00
61	5.11	13422	63	28.79	2.77	0.00
63	5.24	13293	64	27.94	2.70	0.00
62	5.15	13082	63	27.87	2.67	0.00
62	5.16	13694	64	28.23	2.73	0.00
64	5.33	13452	64	28.17	2.66	0.00
62	5.17	12943	64	28.01	2.69	0.00
61	5.07	12287	64	28.26	2.72	0.00
61	5.05	12627	63	28.27	2.71	0.00
60	5.04	12052	64	28.09	2.71	0.00
59	4.90	11903	64	28.24	2.70	0.00
54	4.51	12199	64	27.46	2.75	0.00
54	4.47	11787	63	27.06	2.66	0.00
54	4.53	11774	65	27.16	2.69	0.00
54	4.49	11630	64	27.44	2.74	0.00
55	4.55	11667	63	27.00	2.67	0.00
54	4.51	11291	63	26.62	2.68	0.00
51	4.27	10567	63	26.50	2.72	0.00
51	4.27	10350	64	26.50	2.69	0.00
56	4.66	11936	65	27.56	2.74	0.00
53	4.44	11702	64	27.44	2.72	0.00
49	4.05	10364	63	26.61	2.67	0.00
46	3.82	10218	64	26.73	2.69	0.00
46	3.83	10014	64	26.56	2.66	0.00
45	3.75	10132	64	26.75	2.69	0.00
44	3.69	9976	63	26.58	2.67	0.00
45	3.79	9785	64	26.05	2.65	0.00
46	3.86	9670	63	26.10	2.64	0.00
46	3.81	9654	64	26.30	2.67	0.00
45	3.72	10063	63	26.40	2.69	0.00
38	3.16	8075	63	25.23	2.67	0.00
36	3.04	8401	64	25.36	2.71	0.00
36	3.03	8057	63	25.04	2.65	0.00
36	3.02	8008	63	24.94	2.63	0.00
37	3.06	8219	63	25.46	2.67	0.00
38	3.14	8506	63	25.69	2.70	0.00
37	3.09	7856	64	24.81	2.64	0.00
38	3.15	7983	63	24.82	2.67	0.00
38	3.14	8395	63	25.60	2.73	0.00
39	3.22	8141	64	25.57	2.70	0.00
37	3.05	8222	64	25.43	2.68	0.00
37	3.05	8206	63	25.36	2.71	0.00
37	3.10	8019	64	24.93	2.70	0.00
38	3.19	8218	62	25.33	2.68	0.00
39	3.24	8501	64	25.51	2.74	0.00
39	3.26	8093	63	25.68	2.80	0.00
34	2.81	7523	63	24.72	2.74	0.00
28	2.32	6323	64	25.43	2.87	0.00
28	2.37	6218	63	23.78	2.65	0.00
28	2.36	6703	63	24.80	2.72	0.00
29	2.40	6428	63	24.57	2.70	0.00
28	2.36	6413	62	24.58	2.68	0.00
29	2.38	6504	64	24.80	2.67	0.00
28	2.36	6552	63	24.54	2.67	0.00
29	2.38	6420	63	24.57	2.66	0.00
29	2.39	6482	63	24.55	2.66	0.00
28	2.30	6154	63	24.06	2.67	0.00
28	2.36	6169	63	24.18	2.65	0.00
25	2.12	5861	64	23.78	2.65	0.00
22	1.81	4922	64	23.68	2.79	0.00
21	1.73	4606	65	23.04	2.69	0.00
20	1.70	4839	63	23.44	2.69	0.00
20	1.67	4644	64	22.95	2.68	0.00
20	1.67	4439	64	22.83	2.65	0.00
20	1.68	5003	63	23.50	2.71	0.00
20	1.69	4632	63	23.22	2.71	0.00
20	1.63	4254	63	22.36	2.60	0.00
19	1.61	4600	63	22.91	2.67	0.00
12	1.01	2975	64	22.30	2.67	0.00
12	1.02	3094	63	22.15	2.70	0.00
11	0.96	2877	64	21.77	2.62	0.00
12	0.98	3149	63	22.13	2.66	0.00
12	1.01	2782	63	21.92	2.65	0.00
12	0.98	3135	63	22.07	2.65	0.00
12	1.01	2747	62	21.82	2.66	0.00
12	1.00	2715	63	21.63	2.58	0.00
13	1.04	2991	64	21.89	2.64	0.00
10	0.81	2390	62	18.71	2.15	0.00
4	0.29	1129	61	13.71	1.47	0.00
4	0.29	1062	61	13.65	1.46	0.00
4	0.30	1221	63	13.23	1.36	0.00
3	0.28	986	63	13.33	1.46	0.00
3	0.29	1172	62	13.76	1.49	0.00
4	0.31	1213	62	14.65	1.66	0.00
4	0.29	870	62	12.91	1.40	0.00
4	0.30	998	62	13.25	1.42	0.00
4	0.31	857	62	13.28	1.46	0.00
3	0.29	999	62	13.21	1.42	0.00
4	0.29	1130	62	13.58	1.48	0.00
4	0.30	1239	61	13.75	1.52	0.00
3	0.28	876	61	13.15	1.42	0.00
4	0.30	1401	61	14.62	1.57	0.00
4	0.30	1084	62	13.70	1.51	0.00
4	0.30	1148	61	13.29	1.38	0.00
4	0.31	1108	62	13.41	1.43	0.00
4	0.30	910	62	13.35	1.44	0.00
4	0.32	1051	63	12.69	1.41	0.00
3	0.28	725	62	12.54	1.33	0.00
4	0.31	1377	63	14.20	1.57	0.00
3	0.28	970	62	13.23	1.48	0.00
3	0.28	986	61	12.91	1.43	0.00
4	0.29	1202	63	13.76	1.49	0.00
4	0.29	1175	63	13.15	1.44	0.00
4	0.29	1038	62	13.03	1.37	0.00
4	0.31	1065	62	13.88	1.56	0.00
4	0.32	974	61	13.26	1.41	0.00
4	0.31	856	62	12.43	1.34	0.00
3	0.29	1153	61	12.94	1.40	0.00
3	0.28	952	61	13.32	1.45	0.00
3	0.29	1009	62	12.96	1.43	0.00
3	0.29	1023	63	13.09	1.43	0.00
3	0.29	1282	61	13.55	1.53	0.00
3	0.28	745	60	11.73	1.27	0.00
4	0.30	1175	61	13.65	1.50	0.00
4	0.30	1165	61	13.18	1.46	0.00
3	0.28	594	61	12.12	1.34	0.00
4	0.33	1165	61	12.71	1.42	0.00
3	0.28	973	61	13.40	1.50	0.00
4	0.30	1099	61	13.55	1.46	0.00
3	0.28	956	61	13.08	1.44	0.00
3	0.29	961	61	12.66	1.41	0.00
3	0.28	953	61	13.00	1.41	0.00
3	0.28	948	61	12.96	1.39	0.00
4	0.30	1285	61	14.40	1.60	0.00
3	0.29	846	61	12.84	1.39	0.00
4	0.31	1221	61	13.49	1.42	0.00
4	0.31	818	62	12.66	1.39	0.00
3	0.29	995	61	12.86	1.41	0.00
4	0.30	1224	62	14.28	1.54	0.00
4	0.30	1235	61	13.09	1.34	0.00
4	0.36	855	61	12.46	1.38	0.00
3	0.29	988	62	13.57	1.47	0.00
4	0.29	1251	61	13.05	1.43	0.00
3	0.29	1017	61	13.24	1.52	0.00
4	0.30	1171	61	12.94	1.39	0.00
4	0.29	773	61	12.64	1.38	0.00
4	0.31	1018	61	12.61	1.37	0.00
3	0.29	1057	61	13.24	1.46	0.00
4	0.32	1426	61	13.97	1.56	0.00
3	0.28	834	61	12.81	1.46	0.00
4	0.29	1023	61	12.87	1.46	0.00
4	0.29	1329	61	13.79	1.53	0.00
3	0.27	770	61	11.69	1.27	0.00
3	0.29	1139	61	13.90	1.56	0.00
4	0.30	1057	61	13.12	1.50	0.00
4	0.32	835	62	13.40	1.51	0.00
4	0.31	1109	61	13.18	1.45	0.00
3	0.29	1154	61	13.12	1.42	0.00
4	0.29	1016	61	13.45	1.47	0.00
4	0.31	1248	62	14.33	1.59	0.00
4	0.29	1084	62	13.04	1.40	0.00
3	0.28	962	61	13.34	1.50	0.00
3	0.29	1220	61	13.51	1.48	0.00
3	0.29	1128	61	13.41	1.50	0.00
3	0.29	850	62	12.82	1.44	0.00
4	0.30	896	61	13.65	1.52	0.00
4	0.32	1177	61	13.21	1.46	0.00
3	0.27	850	61	12.94	1.48	0.00
4	0.31	1317	62	13.92	1.53	0.00
3	0.29	999	62	12.67	1.42	0.00
4	0.29	889	61	12.86	1.37	0.00
4	0.29	1323	60	14.06	1.56	0.00
4	0.29	1011	61	12.56	1.35	0.00
4	0.31	1160	61	13.44	1.49	0.00
4	0.30	1027	61	12.73	1.34	0.00
4	0.31	939	61	12.31	1.32	0.00
3	0.29	684	60	12.21	1.32	0.00
3	0.29	1131	60	13.20	1.42	0.00
4	0.30	1218	62	13.74	1.49	0.00
3	0.28	789	61	12.08	1.29	0.00
3	0.28	1149	60	12.79	1.36	0.00
4	0.30	1136	60	13.81	1.51	0.00
3	0.28	1037	61	13.02	1.44	0.00
3	0.29	1146	61	13.53	1.49	0.00
4	0.31	1210	60	13.01	1.41	0.00
4	0.30	691	61	11.82	1.24	0.00
4	0.31	1071	61	13.13	1.43	0.00
3	0.28	776	60	12.23	1.37	0.00
4	0.29	947	61	12.74	1.36	0.00
4	0.30	1244	61	12.90	1.36	0.00
3	0.28	1099	61	13.66	1.49	0.00
3	0.29	989	60	12.17	1.30	0.00
3	0.29	975	60	12.74	1.40	0.00
4	0.29	1308	61	13.74	1.51	0.00
4	0.29	894	61	12.79	1.42	0.00
4	0.32	956	61	12.74	1.40	0.00
4	0.30	990	61	12.65	1.33	0.00
3	0.27	795	60	12.14	1.36	0.00
4	0.30	1317	61	13.32	1.48	0.00
4	0.30	806	61	13.18	1.49	0.00
3	0.29	1131	60	13.24	1.45	0.00
3	0.28	981	60	12.73	1.42	0.00
4	0.29	1190	61	13.20	1.43	0.00
4	0.29	993	61	13.98	1.59	0.00
4	0.32	1198	61	13.18	1.41	0.00
4	0.31	835	61	12.79	1.45	0.00
4	0.30	901	60	11.94	1.28	0.00
3	0.27	978	62	12.30	1.34	0.00
4	0.30	1191	61	14.40	1.62	0.00
3	0.29	1011	60	12.72	1.39	0.00
3	0.28	969	60	13.06	1.41	0.00
3	0.29	1175	61	13.50	1.48	0.00
3	0.26	729	61	12.54	1.40	0.00
4	0.30	1335	60	14.09	1.60	0.00
4	0.31	1082	61	13.76	1.58	0.00
4	0.33	1180	60	13.86	1.51	0.00
4	0.29	949	60	12.65	1.38	0.00
3	0.28	1027	60	13.77	1.62	0.00
4	0.30	1350	60	13.77	1.49	0.00
3	0.29	838	61	12.44	1.37	0.00
4	0.29	1326	61	13.84	1.50	0.00
3	0.28	955	60	12.34	1.34	0.00
3	0.27	786	60	11.77	1.27	0.00
4	0.29	1162	61	13.94	1.56	0.00
4	0.31	1208	61	13.16	1.45	0.00
4	0.31	782	61	12.51	1.41	0.00
4	0.30	881	60	12.57	1.36	0.00
4	0.29	1235	61	13.65	1.51	0.00
3	0.29	954	61	12.73	1.38	0.00
4	0.30	1195	60	13.31	1.42	0.00
3	0.29	1181	61	13.67	1.56	0.00
3	0.29	989	61	12.27	1.36	0.00
3	0.29	1004	60	13.33	1.46	0.00
3	0.28	1123	61	13.14	1.44	0.00
4	0.30	872	61	13.00	1.45	0.00
4	0.33	948	61	13.43	1.49	0.00
5	0.38	1293	61	13.47	1.44	0.00
3	0.28	881	61	12.93	1.42	0.00
4	0.31	1360	61	13.70	1.50	0.00
3	0.29	1017	61	12.83	1.39	0.00
3	0.28	1091	61	12.40	1.36	0.00
3	0.28	1017	61	13.30	1.49	0.00
4	0.29	1196	61	13.02	1.38	0.00
3	0.28	926	61	12.64	1.42	0.00
4	0.30	809	61	12.62	1.37	0.00
4	0.31	863	60	12.30	1.40	0.00
4	0.30	869	60	12.72	1.36	0.00
4	0.30	1251	61	13.28	1.43	0.00
4	0.30	1166	61	13.45	1.49	0.00
3	0.29	1020	61	12.43	1.29	0.00
4	0.29	1201	61	14.00	1.52	0.00
3	0.29	1176	61	13.11	1.41	0.00
3	0.28	860	61	12.46	1.34	0.00
3	0.29	1150	60	13.60	1.45	0.00
4	0.33	1279	61	13.33	1.43	0.00
4	0.31	782	61	12.09	1.28	0.00
3	0.28	856	60	12.36	1.31	0.00
3	0.29	1024	60	13.34	1.42	0.00
4	0.31	1202	60	13.00	1.38	0.00
3	0.29	1081	61	13.34	1.44	0.00
4	0.30	1393	61	14.39	1.59	0.00
3	0.28	842	61	12.51	1.31	0.00
4	0.29	1151	60	13.03	1.37	0.00
4	0.30	1186	61	13.68	1.47	0.00
4	0.33	876	61	13.02	1.45	0.00
4	0.31	1012	60	12.60	1.34	0.00
4	0.30	1046	61	13.27	1.44	0.00
3	0.28	971	61	12.24	1.32	0.00
4	0.30	992	61	13.22	1.45	0.00
4	0.30	1263	60	13.73	1.52	0.00
3	0.29	983	61	13.16	1.43	0.00
3	0.29	1160	60	13.08	1.39	0.00
3	0.28	1016	60	12.73	1.40	0.00
3	0.28	956	61	13.10	1.40	0.00
4	0.33	1220	60	13.40	1.48	0.00
4	0.30	808	61	12.92	1.41	0.00
3	0.29	1005	60	12.52	1.38	0.00
3	0.29	1040	61	13.74	1.55	0.00
4	0.31	1352	60	14.30	1.60	0.00
3	0.28	650	61	12.32	1.34	0.00
4	0.30	1367	61	14.33	1.55	0.00
3	0.28	1029	61	13.33	1.52	0.00
3	0.28	792	61	12.20	1.31	0.00
4	0.29	1321	60	14.34	1.57	0.00
4	0.31	965	60	12.66	1.41	0.00
4	0.31	754	61	12.08	1.27	0.00
4	0.35	1211	60	13.58	1.52	0.00
4	0.30	1261	61	12.96	1.43	0.00
3	0.28	854	60	12.49	1.44	0.00
3	0.29	1161	60	13.48	1.46	0.00
4	0.30	1149	61	13.51	1.47	0.00
3	0.28	792	60	12.63	1.42	0.00
4	0.30	1297	60	13.20	1.42	0.00
4	0.29	1064	60	13.58	1.53	0.00
4	0.30	942	60	12.41	1.37	0.00
4	0.30	836	60	12.71	1.36	0.00
4	0.30	1213	60	13.32	1.41	0.00
3	0.28	969	61	13.06	1.46	0.00
4	0.30	1210	60	13.83	1.55	0.00
3	0.29	1034	61	13.29	1.47	0.00
3	0.28	925	61	13.03	1.37	0.00
4	0.30	1229	60	13.27	1.48	0.00
3	0.29	985	60	13.06	1.43	0.00
4	0.30	1039	60	12.89	1.40	0.00
4	0.30	927	61	12.62	1.40	0.00
4	0.32	952	61	12.21	1.34	0.00
3	0.28	836	60	12.15	1.33	0.00
4	0.30	1323	60	14.00	1.56	0.00
4	0.30	1029	60	13.13	1.46	0.00
4	0.29	841	61	11.84	1.24	0.00
4	0.29	1321	60	13.65	1.47	0.00
3	0.28	969	61	12.76	1.37	0.00
4	0.30	1171	61	13.63	1.54	0.00
4	0.30	1026	61	12.89	1.41	0.00
4	0.30	1005	60	12.82	1.39	0.00
4	0.30	752	60	12.12	1.31	0.00
3	0.29	979	61	12.30	1.38	0.00
3	0.29	1126	60	12.85	1.45	0.00
4	0.29	1019	60	12.76	1.35	0.00
3	0.29	1005	60	12.72	1.39	0.00
3	0.29	1035	59	12.85	1.42	0.00
3	0.28	962	60	12.79	1.47	0.00
4	0.30	1172	60	13.79	1.45	0.00
4	0.32	1278	60	13.75	1.50	0.00
3	0.29	718	61	12.26	1.39	0.00
4	0.31	952	60	12.87	1.36	0.00
3	0.29	1006	61	13.30	1.47	0.00
4	0.30	1305	61	13.60	1.49	0.00
3	0.27	787	60	11.83	1.26	0.00
3	0.28	993	61	13.08	1.50	0.00
4	0.30	1357	61	14.04	1.47	0.00
4	0.31	783	62	12.34	1.40	0.00
4	0.33	1421	61	14.57	1.60	0.00
4	0.30	1021	61	13.36	1.46	0.00
4	0.31	856	62	13.52	1.49	0.00
4	0.31	1058	60	13.35	1.48	0.00
4	0.29	1159	60	13.01	1.42	0.00
3	0.29	767	61	12.78	1.39	0.00
3	0.28	963	60	12.62	1.36	0.00
3	0.29	1171	60	12.93	1.39	0.00
3	0.28	937	60	13.69	1.54	0.00
4	0.29	1185	60	13.27	1.46	0.00
4	0.30	1161	61	13.81	1.49	0.00
4	0.30	1028	60	12.65	1.33	0.00
3	0.29	831	60	12.59	1.42	0.00
4	0.33	1215	61	13.85	1.50	0.00
3	0.28	846	60	12.64	1.40	0.00
4	0.30	1172	62	13.68	1.52	0.00
3	0.29	1029	61	13.31	1.49	0.00
3	0.28	833	60	12.51	1.42	0.00
4	0.29	1315	60	13.51	1.46	0.00
3	0.29	1060	60	13.29	1.48	0.00
4	0.30	1159	61	13.45	1.43	0.00
4	0.30	1088	61	13.55	1.50	0.00
4	0.31	934	60	13.01	1.42	0.00
4	0.30	870	61	13.09	1.45	0.00
3	0.29	1007	61	12.73	1.37	0.00
4	0.31	1380	61	14.43	1.59	0.00
3	0.28	856	61	12.59	1.37	0.00
3	0.29	1207	61	13.40	1.48	0.00
3	0.28	885	61	12.47	1.38	0.00
3	0.28	985	60	12.55	1.40	0.00
4	0.31	1179	60	14.05	1.56	0.00
4	0.31	1216	61	13.71	1.54	0.00
4	0.30	673	60	12.71	1.42	0.00
4	0.30	1100	61	12.95	1.49	0.00
3	0.28	943	61	12.53	1.42	0.00
4	0.30	1080	60	13.63	1.52	0.00
3	0.29	1165	60	13.07	1.46	0.00
3	0.28	1016	61	13.20	1.48	0.00
4	0.29	1148	60	13.60	1.52	0.00
3	0.27	752	60	11.82	1.36	0.00
3	0.29	1270	60	13.67	1.53	0.00
4	0.29	904	61	12.89	1.39	0.00
4	0.32	989	61	12.44	1.41	0.00
4	0.31	913	60	11.89	1.29	0.00
3	0.28	831	61	12.30	1.37	0.00
4	0.32	1321	60	13.69	1.55	0.00
4	0.30	1041	61	12.86	1.45	0.00
3	0.29	1072	61	12.97	1.45	0.00
3	0.29	1082	60	13.07	1.42	0.00
4	0.30	1138	60	13.17	1.48	0.00
3	0.28	911	60	12.85	1.45	0.00
4	0.30	917	60	12.46	1.33	0.00
4	0.30	801	60	12.62	1.41	0.00
4	0.30	897	60	12.44	1.33	0.00
3	0.29	1171	60	14.13	1.61	0.00
4	0.30	1166	60	14.02	1.57	0.00
3	0.29	1058	61	13.47	1.48	0.00
4	0.30	1088	61	13.32	1.44	0.00
4	0.29	1288	61	13.87	1.58	0.00
3	0.28	859	61	12.91	1.43	0.00
4	0.30	1315	61	13.45	1.47	0.00
4	0.30	1056	61	12.98	1.44	0.00
4	0.30	482	60	11.17	1.12	0.00
4	0.30	1054	61	12.81	1.43	0.00
3	0.28	953	60	12.68	1.40	0.00
4	0.30	1167	60	13.67	1.50	0.00
4	0.30	993	61	12.90	1.45	0.00
4	0.30	1322	60	13.68	1.55	0.00
3	0.29	855	62	13.02	1.43	0.00
3	0.29	1166	61	13.54	1.48	0.00
3	0.29	1150	60	13.27	1.47	0.00
3	0.29	845	60	12.50	1.35	0.00
4	0.32	1046	59	12.50	1.35	0.00
4	0.30	925	61	12.84	1.40	0.00
3	0.28	791	60	12.36	1.37	0.00
4	0.30	1153	60	13.53	1.51	0.00
4	0.32	1352	60	14.43	1.64	0.00
3	0.28	978	60	13.42	1.46	0.00
3	0.29	1196	60	13.19	1.46	0.00
3	0.29	1061	60	12.87	1.40	0.00
4	0.29	962	60	13.12	1.50	0.00
4	0.31	1254	61	13.37	1.48	0.00
4	0.31	801	60	13.28	1.51	0.00
4	0.29	962	60	12.49	1.41	0.00
3	0.28	990	60	12.85	1.44	0.00
4	0.30	1165	61	13.74	1.49	0.00
3	0.29	849	61	12.81	1.41	0.00
3	0.29	1275	61	13.67	1.49	0.00
3	0.29	1021	61	12.93	1.43	0.00
3	0.28	994	60	13.30	1.51	0.00
4	0.30	1136	61	13.09	1.46	0.00
4	0.30	993	61	13.16	1.47	0.00
4	0.33	852	60	12.24	1.32	0.00
3	0.29	1023	61	13.13	1.46	0.00
3	0.29	1183	60	13.14	1.47	0.00
4	0.31	978	61	13.50	1.51	0.00
4	0.35	1172	61	13.75	1.53	0.00
3	0.28	957	61	13.24	1.38	0.00
4	0.29	1001	61	12.92	1.44	0.00
3	0.28	988	60	12.46	1.37	0.00
4	0.30	1213	61	14.25	1.59	0.00
4	0.34	1071	61	13.19	1.39	0.00
4	0.31	825	61	12.51	1.36	0.00
4	0.30	1200	60	13.82	1.49	0.00
3	0.28	983	60	13.08	1.49	0.00
4	0.30	1112	61	12.74	1.37	0.00
4	0.30	1064	61	13.67	1.49	0.00
4	0.31	1349	60	14.07	1.56	0.00
3	0.27	637	60	11.93	1.35	0.00
3	0.28	956	61	13.02	1.44	0.00
4	0.31	1358	60	14.13	1.54	0.00
4	0.31	819	60	12.30	1.33	0.00
4	0.32	1150	60	13.59	1.53	0.00
3	0.29	985	60	13.35	1.49	0.00
3	0.28	944	60	12.53	1.41	0.00
4	0.30	1184	60	14.36	1.58	0.00
3	0.28	985	60	12.82	1.43	0.00
3	0.29	937	59	13.05	1.45	0.00
3	0.27	955	60	13.35	1.47	0.00
3	0.28	1113	60	13.03	1.43	0.00
3	0.28	751	61	12.48	1.34	0.00
4	0.32	1209	61	13.90	1.53	0.00
4	0.30	773	60	12.12	1.30	0.00
3	0.29	959	61	12.45	1.36	0.00
3	0.28	980	61	13.09	1.41	0.00
4	0.31	1357	60	14.25	1.56	0.00
3	0.28	787	60	12.32	1.38	0.00
3	0.28	1062	60	12.68	1.40	0.00
3	0.29	1147	61	13.49	1.53	0.00
3	0.27	771	60	12.28	1.38	0.00
4	0.30	1344	61	14.27	1.57	0.00
4	0.30	698	60	12.82	1.47	0.00
4	0.31	876	59	12.11	1.29	0.00
4	0.29	1062	59	13.36	1.48	0.00
4	0.30	1209	61	13.52	1.46	0.00
4	0.30	997	60	13.07	1.42	0.00
4	0.29	1193	60	13.28	1.51	0.00
3	0.28	1168	60	13.17	1.45	0.00
3	0.28	801	61	11.71	1.26	0.00
3	0.29	1228	62	13.68	1.51	0.00
3	0.28	1185	60	13.87	1.54	0.00
4	0.31	890	61	12.99	1.39	0.00
4	0.32	1084	60	13.36	1.48	0.00
3	0.29	1004	61	13.26	1.46	0.00
3	0.29	835	60	12.39	1.36	0.00
4	0.31	1386	61	14.36	1.57	0.00
3	0.29	1050	60	13.13	1.43	0.00
3	0.28	968	60	12.80	1.39	0.00
4	0.29	1228	61	13.30	1.44	0.00
3	0.28	993	61	12.96	1.38	0.00
4	0.29	1183	61	13.40	1.47	0.00
4	0.31	892	61	13.28	1.42	0.00
4	0.32	1147	60	13.10	1.41	0.00
3	0.28	891	60	12.92	1.38	0.00
3	0.28	939	60	12.39	1.35	0.00
4	0.30	1194	59	13.24	1.41	0.00
3	0.29	896	60	12.95	1.39	0.00
4	0.31	1317	60	13.22	1.45	0.00
3	0.29	1015	60	13.19	1.45	0.00
3	0.28	1008	61	13.36	1.48	0.00
4	0.29	1140	60	12.73	1.42	0.00
4	0.32	1173	60	13.40	1.47	0.00
4	0.31	742	60	12.20	1.30	0.00
4	0.30	1154	60	13.07	1.40	0.00
4	0.30	1151	60	13.42	1.44	0.00
3	0.28	861	61	12.28	1.31	0.00
4	0.30	1003	61	12.60	1.36	0.00
4	0.30	1179	61	13.40	1.50	0.00
3	0.29	1029	60	13.07	1.41	0.00
3	0.29	1160	60	13.58	1.49	0.00
4	0.30	1204	60	13.13	1.41	0.00
4	0.30	792	61	12.53	1.38	0.00
4	0.32	1028	60	13.05	1.45	0.00
4	0.30	1082	61	13.61	1.42	0.00
3	0.29	959	60	13.15	1.45	0.00
4	0.30	1193	60	13.20	1.41	0.00
3	0.29	1059	60	13.25	1.45	0.00
4	0.29	982	61	13.09	1.38	0.00
3	0.29	1114	60	13.18	1.43	0.00
4	0.30	1340	61	14.25	1.59	0.00
4	0.29	878	60	13.08	1.44	0.00
4	0.30	1039	60	13.13	1.48	0.00
4	0.31	916	60	12.50	1.37	0.00
3	0.28	794	59	12.36	1.35	0.00
4	0.30	1323	60	13.78	1.53	0.00
4	0.30	1040	61	13.16	1.46	0.00
3	0.29	1035	61	13.26	1.45	0.00
3	0.28	1105	60	13.07	1.41	0.00
4	0.30	1187	61	13.08	1.42	0.00
3	0.28	804	60	12.78	1.39	0.00
4	0.30	1183	61	13.00	1.39	0.00
4	0.37	843	60	12.55	1.42	0.00
4	0.31	908	61	13.20	1.46	0.00
3	0.29	985	61	12.27	1.29	0.00
4	0.30	1139	60	13.74	1.54	0.00
3	0.29	1040	60	13.50	1.50	0.00
3	0.29	1009	60	12.88	1.40	0.00
4	0.30	1322	60	13.79	1.47	0.00
3	0.27	844	61	13.40	1.49	0.00
4	0.31	1251	61	13.89	1.53	0.00
3	0.29	880	61	13.19	1.46	0.00
4	0.30	893	60	12.93	1.42	0.00
4	0.31	900	60	12.38	1.36	0.00
3	0.28	998	61	13.10	1.47	0.00
3	0.29	1114	60	13.07	1.45	0.00
3	0.29	979	60	12.47	1.36	0.00
4	0.30	1199	60	13.17	1.42	0.00
3	0.28	949	60	13.54	1.55	0.00
3	0.29	1118	60	13.19	1.46	0.00
3	0.29	1150	60	13.61	1.52	0.00
4	0.32	1001	61	12.44	1.33	0.00
4	0.30	783	60	11.99	1.31	0.00
4	0.30	724	60	11.99	1.27	0.00
4	0.29	1173	61	13.39	1.48	0.00
3	0.29	939	60	12.71	1.40	0.00
4	0.29	1166	60	12.68	1.40	0.00
3	0.29	982	61	13.14	1.44	0.00
3	0.28	1077	60	13.11	1.43	0.00
3	0.28	1017	60	13.02	1.43	0.00
4	0.30	1348	61	13.54	1.48	0.00
4	0.30	858	60	12.60	1.34	0.00
4	0.31	791	60	12.81	1.40	0.00
4	0.32	1244	60	13.09	1.39	0.00
3	0.27	596	60	11.86	1.32	0.00
4	0.31	1408	61	14.23	1.51	0.00
3	0.29	1008	60	13.47	1.49	0.00
3	0.28	986	61	12.33	1.35	0.00
4	0.29	1167	59	14.00	1.53	0.00
3	0.29	1205	60	13.65	1.51	0.00
3	0.28	922	59	12.86	1.40	0.00
4	0.30	1083	61	13.53	1.50	0.00
4	0.33	870	60	13.21	1.48	0.00
4	0.30	913	60	13.18	1.41	0.00
3	0.29	1166	60	12.99	1.42	0.00
4	0.30	1136	61	13.59	1.49	0.00
3	0.27	798	59	12.05	1.28	0.00
4	0.29	1099	59	13.17	1.43	0.00
3	0.29	1279	60	13.40	1.49	0.00
3	0.27	790	60	12.03	1.29	0.00
4	0.30	1297	60	13.25	1.42	0.00
4	0.30	1051	60	13.19	1.45	0.00
4	0.29	646	60	12.24	1.39	0.00
4	0.30	1157	60	13.25	1.45	0.00
4	0.29	1010	60	13.76	1.52	0.00
4	0.30	1180	60	13.28	1.40	0.00
4	0.30	1078	60	13.56	1.48	0.00
3	0.29	947	61	12.67	1.39	0.00
3	0.28	941	60	12.90	1.44	0.00
3	0.29	1197	61	13.29	1.46	0.00
4	0.29	1162	61	14.01	1.53	0.00
4	0.29	841	59	12.32	1.32	0.00
4	0.30	952	60	13.36	1.49	0.00
4	0.36	1318	60	13.25	1.42	0.00
4	0.29	1041	60	12.87	1.38	0.00
4	0.32	1349	60	14.95	1.73	0.00
3	0.29	1166	60	13.29	1.44	0.00
3	0.28	877	60	12.47	1.39	0.00
4	0.30	1278	61	13.74	1.47	0.00
3	0.27	785	60	12.33	1.37	0.00
3	0.28	952	60	12.83	1.41	0.00
4	0.31	1232	60	13.48	1.48	0.00
4	0.31	786	61	13.69	1.58	0.00
4	0.31	1092	60	12.92	1.42	0.00
3	0.28	1007	59	13.22	1.47	0.00
4	0.32	1414	60	14.48	1.61	0.00
3	0.29	827	60	12.59	1.39	0.00
4	0.30	1292	60	13.77	1.55	0.00
3	0.28	1007	61	13.12	1.43	0.00
3	0.27	807	60	12.03	1.28	0.00
4	0.29	1079	60	12.91	1.41	0.00
4	0.29	1001	60	13.27	1.49	0.00
4	0.31	838	60	12.80	1.43	0.00
4	0.31	1089	60	12.62	1.37	0.00
3	0.28	1213	60	13.31	1.44	0.00
3	0.29	970	60	12.87	1.41	0.00
3	0.29	1167	60	13.11	1.42	0.00
4	0.31	1268	60	13.86	1.52	0.00
3	0.27	872	60	12.17	1.29	0.00
3	0.29	1182	60	13.00	1.41	0.00
4	0.30	1186	59	13.68	1.48	0.00
4	0.31	1078	61	12.51	1.32	0.00
4	0.31	803	60	13.22	1.49	0.00
4	0.30	1201	59	13.34	1.45	0.00
3	0.28	891	60	12.48	1.36	0.00
4	0.31	1356	60	13.98	1.49	0.00
3	0.28	1048	61	12.87	1.39	0.00
3	0.29	959	61	12.53	1.35	0.00
5	0.38	1236	61	13.57	1.45	0.00
3	0.29	982	60	13.10	1.44	0.00
4	0.30	1124	61	13.44	1.49	0.00
4	0.30	1033	61	12.87	1.42	0.00
4	0.32	945	60	12.79	1.41	0.00
3	0.28	620	60	11.58	1.21	0.00
4	0.29	1182	61	12.93	1.42	0.00
4	0.29	1131	59	13.11	1.44	0.00
4	0.30	1058	61	12.76	1.41	0.00
4	0.30	1194	60	13.16	1.39	0.00
3	0.28	1015	60	13.04	1.45	0.00
3	0.29	976	60	12.44	1.36	0.00
3	0.29	1102	61	13.12	1.41	0.00
4	0.33	1222	61	13.21	1.39	0.00
3	0.29	688	61	11.36	1.19	0.00
4	0.29	1002	60	12.40	1.33	0.00
3	0.27	955	61	12.46	1.36	0.00
3	0.28	868	61	12.54	1.34	0.00
3	0.29	979	61	12.47	1.35	0.00
3	0.28	1093	61	13.82	1.59	0.00
3	0.28	971	61	13.29	1.49	0.00
3	0.28	968	61	12.87	1.39	0.00
4	0.30	1287	61	14.04	1.55	0.00
4	0.31	769	61	13.00	1.44	0.00
4	0.32	994	61	12.73	1.39	0.00
4	0.30	1065	61	12.97	1.40	0.00
3	0.27	922	61	12.33	1.36	0.00
4	0.30	1163	61	13.26	1.45	0.00
3	0.27	775	61	12.36	1.36	0.00
3	0.29	1166	61	13.63	1.47	0.00
3	0.29	1029	61	13.41	1.47	0.00
3	0.29	1201	61	13.20	1.43	0.00
3	0.29	910	60	12.59	1.38	0.00
4	0.33	1220	60	13.25	1.43	0.00
4	0.30	858	61	13.20	1.46	0.00
4	0.30	1156	60	12.69	1.38	0.00
3	0.27	812	61	12.43	1.35	0.00
4	0.30	1128	60	13.05	1.41	0.00
3	0.29	1213	61	13.46	1.51	0.00
3	0.28	897	60	12.29	1.29	0.00
3	0.29	970	60	12.64	1.35	0.00
3	0.28	1011	61	12.95	1.45	0.00
3	0.29	1122	60	12.71	1.40	0.00
4	0.31	967	60	12.68	1.38	0.00
4	0.32	1073	60	12.47	1.35	0.00
3	0.29	859	60	12.77	1.32	0.00
3	0.28	995	61	13.09	1.43	0.00
4	0.32	1383	60	14.03	1.49	0.00
3	0.27	756	60	11.87	1.28	0.00
4	0.30	1383	60	14.17	1.55	0.00
3	0.29	986	61	12.89	1.44	0.00
3	0.27	744	61	11.94	1.31	0.00
4	0.30	1181	60	13.61	1.51	0.00
4	0.32	1177	60	13.17	1.40	0.00
4	0.30	692	61	11.99	1.33	0.00
4	0.30	1125	60	12.76	1.38	0.00
3	0.28	1020	60	12.86	1.45	0.00
4	0.30	973	61	12.87	1.33	0.00
3	0.29	1245	61	13.67	1.51	0.00
3	0.29	1098	59	13.38	1.47	0.00
3	0.28	1005	60	12.99	1.41	0.00
3	0.28	1029	60	12.98	1.43	0.00
4	0.30	1289	60	13.21	1.44	0.00
4	0.30	432	60	11.05	1.16	0.00
4	0.32	1109	61	13.31	1.50	0.00
4	0.30	1049	61	13.62	1.46	0.00
3	0.27	836	61	12.68	1.40	0.00
4	0.31	1428	60	14.87	1.64	0.00
3	0.28	1016	60	13.70	1.54	0.00
4	0.29	1222	60	13.87	1.55	0.00
3	0.28	1017	61	12.84	1.42	0.00
3	0.29	1214	60	13.19	1.43	0.00
3	0.29	978	60	13.06	1.40	0.00
4	0.34	1102	61	14.29	1.61	0.00
4	0.31	920	60	12.71	1.43	0.00
3	0.28	836	61	12.20	1.31	0.00
4	0.30	1256	61	13.64	1.50	0.00
4	0.30	1182	61	13.68	1.49	0.00
3	0.29	1008	61	12.61	1.41	0.00
3	0.29	1156	61	13.49	1.53	0.00
3	0.29	1216	60	12.82	1.46	0.00
3	0.29	925	61	12.15	1.31	0.00
3	0.29	1224	61	14.08	1.55	0.00
4	0.31	803	61	13.10	1.44	0.00
4	0.31	900	60	12.56	1.38	0.00
4	0.30	1199	60	12.88	1.34	0.00
3	0.28	913	60	13.18	1.46	0.00
4	0.30	1053	61	12.95	1.39	0.00
4	0.29	1039	60	13.28	1.47	0.00
4	0.30	1320	60	13.59	1.47	0.00
3	0.28	833	61	12.39	1.34	0.00
4	0.30	1302	61	13.60	1.47	0.00
3	0.28	993	60	12.80	1.41	0.00
4	0.31	740	61	12.56	1.36	0.00
4	0.32	1231	61	14.34	1.58	0.00
4	0.29	1003	61	13.07	1.44	0.00
4	0.37	1122	61	13.24	1.40	0.00
3	0.29	846	61	13.08	1.46	0.00
4	0.31	1229	61	13.54	1.49	0.00
3	0.29	973	61	13.31	1.44	0.00
3	0.29	1178	60	14.06	1.52	0.00
4	0.30	1172	60	13.83	1.50	0.00
3	0.29	890	60	12.29	1.32	0.00
4	0.31	1095	62	13.26	1.48	0.00
4	0.31	948	62	12.65	1.39	0.00
4	0.30	1047	61	13.00	1.39	0.00
3	0.29	1104	62	13.44	1.52	0.00
4	0.31	1224	61	13.39	1.47	0.00
3	0.28	772	61	12.02	1.30	0.00
4	0.30	1158	61	13.78	1.50	0.00
4	0.29	1114	62	13.64	1.47	0.00
4	0.29	1091	61	12.94	1.41	0.00
4	0.31	1031	61	12.81	1.36	0.00
4	0.30	884	61	13.68	1.55	0.00
4	0.31	1054	61	12.97	1.42	0.00
3	0.29	1035	61	13.09	1.38	0.00
4	0.30	1359	60	14.23	1.51	0.00
3	0.29	883	61	12.92	1.38	0.00
4	0.31	1253	61	13.79	1.48	0.00
4	0.30	1212	61	13.75	1.49	0.00
3	0.29	825	60	12.74	1.39	0.00
4	0.29	1168	60	13.30	1.42	0.00
4	0.30	1052	61	13.37	1.49	0.00
4	0.31	912	61	13.41	1.44	0.00
4	0.31	996	61	13.45	1.52	0.00
4	0.30	1181	60	13.06	1.41	0.00
3	0.28	973	61	12.81	1.38	0.00
4	0.30	1221	60	13.76	1.52	0.00
4	0.30	1052	61	13.48	1.52	0.00
3	0.29	1149	61	13.56	1.43	0.00
3	0.29	1077	61	13.27	1.48	0.00
4	0.29	1076	61	13.43	1.48	0.00
4	0.29	900	62	12.85	1.42	0.00
4	0.30	887	61	13.31	1.46	0.00
4	0.31	1134	60	13.20	1.46	0.00
3	0.28	818	60	12.40	1.36	0.00
4	0.30	1319	60	13.74	1.51	0.00
4	0.31	1079	61	13.59	1.48	0.00
3	0.29	1040	60	13.22	1.44	0.00
4	0.29	1148	60	13.27	1.44	0.00
3	0.28	963	60	12.77	1.36	0.00
4	0.29	1180	60	13.37	1.44	0.00
4	0.31	1090	61	13.44	1.49	0.00
4	0.31	850	61	13.11	1.43	0.00
4	0.31	1081	61	13.24	1.35	0.00
3	0.29	1037	61	13.24	1.37	0.00
3	0.29	1152	60	13.42	1.43	0.00
4	0.30	1214	62	13.70	1.46	0.00
3	0.29	866	60	12.56	1.28	0.00
3	0.29	1175	60	13.99	1.53	0.00
3	0.29	1206	60	14.06	1.53	0.00
3	0.29	1005	61	13.61	1.50	0.00
4	0.31	1227	62	13.76	1.50	0.00
4	0.31	757	61	13.15	1.44	0.00
4	0.31	1034	60	12.73	1.35	0.00
3	0.29	865	61	13.02	1.45	0.00
4	0.30	1366	61	13.91	1.47	0.00
3	0.28	794	60	12.18	1.33	0.00
3	0.28	974	61	13.12	1.43	0.00
4	0.30	1324	60	14.21	1.57	0.00
3	0.28	849	61	12.33	1.32	0.00
4	0.29	1314	61	14.18	1.55	0.00
4	0.29	1024	61	13.53	1.47	0.00
4	0.30	850	62	13.13	1.37	0.00
4	0.33	1165	61	13.58	1.43	0.00
4	0.29	1193	62	13.82	1.51	0.00
3	0.28	791	61	12.52	1.36	0.00
4	0.29	1200	61	13.89	1.53	0.00
3	0.29	1018	61	13.32	1.41	0.00
3	0.28	921	61	12.45	1.30	0.00
3	0.29	1190	61	13.63	1.52	0.00
4	0.30	1174	61	13.74	1.51	0.00
4	0.30	1104	61	13.05	1.33	0.00
4	0.30	815	61	13.53	1.49	0.00
4	0.32	1276	61	13.82	1.47	0.00
3	0.29	833	61	12.58	1.36	0.00
4	0.31	1394	61	14.67	1.57	0.00
3	0.29	1025	61	12.77	1.32	0.00
3	0.26	615	61	11.95	1.31	0.00
4	0.31	1350	61	14.16	1.55	0.00
3	0.28	1012	61	13.10	1.42	0.00
4	0.30	1164	61	13.35	1.44	0.00
4	0.30	1065	60	13.48	1.40	0.00
4	0.31	1091	61	13.98	1.58	0.00
4	0.31	903	60	12.82	1.34	0.00
4	0.29	1202	62	13.72	1.47	0.00
4	0.31	1301	62	14.23	1.56	0.00
3	0.28	841	60	12.17	1.32	0.00
4	0.31	1395	61	13.87	1.48	0.00
3	0.28	840	61	12.99	1.44	0.00
3	0.28	1027	61	12.83	1.37	0.00
4	0.34	1170	62	13.21	1.45	0.00
4	0.34	1247	60	13.82	1.53	0.00
4	0.31	749	61	12.28	1.36	0.00
4	0.29	1013	61	13.11	1.44	0.00
3	0.29	1037	61	13.34	1.50	0.00
3	0.29	987	61	13.43	1.42	0.00
4	0.30	1183	62	14.01	1.54	0.00
3	0.29	1145	61	13.59	1.46	0.00
3	0.29	1019	60	13.17	1.46	0.00
4	0.29	1011	60	12.74	1.31	0.00
4	0.29	1179	61	13.29	1.42	0.00
4	0.31	852	60	12.29	1.32	0.00
4	0.31	1101	61	13.63	1.51	0.00
4	0.31	1108	60	13.66	1.49	0.00
3	0.27	841	61	12.41	1.35	0.00
4	0.31	1395	61	14.06	1.47	0.00
3	0.28	1055	61	13.35	1.49	0.00
4	0.31	1243	62	14.52	1.55	0.00
3	0.29	1050	61	13.25	1.44	0.00
3	0.29	1217	61	13.33	1.44	0.00
3	0.28	1017	61	13.37	1.46	0.00
4	0.31	1070	61	13.69	1.53	0.00
4	0.30	777	61	12.26	1.36	0.00
4	0.30	975	61	12.76	1.40	0.00
3	0.28	1024	61	13.07	1.41	0.00
4	0.30	1164	61	13.02	1.36	0.00
3	0.28	1048	60	12.96	1.41	0.00
4	0.29	1151	61	13.47	1.50	0.00
4	0.30	1176	61	13.42	1.43	0.00
3	0.28	839	61	12.75	1.35	0.00
4	0.30	1324	61	14.17	1.60	0.00
4	0.32	916	61	13.15	1.48	0.00
4	0.31	838	61	11.94	1.24	0.00
3	0.29	876	60	12.49	1.32	0.00
3	0.28	921	61	12.35	1.38	0.00
4	0.30	1137	61	13.07	1.40	0.00
3	0.28	1076	60	12.88	1.42	0.00
4	0.31	1331	60	14.03	1.57	0.00
3	0.28	844	61	12.67	1.35	0.00
4	0.30	1159	60	13.22	1.43	0.00
4	0.29	1274	61	13.66	1.51	0.00
4	0.31	873	61	12.97	1.43	0.00
4	0.31	1012	61	12.46	1.32	0.00
3	0.29	938	61	12.40	1.37	0.00
3	0.27	797	62	11.96	1.20	0.00
4	0.30	1169	61	13.34	1.41	0.00
4	0.29	1184	62	13.66	1.50	0.00
3	0.29	1013	60	13.43	1.51	0.00
4	0.30	1236	61	13.57	1.42	0.00
3	0.29	1062	61	13.65	1.46	0.00
4	0.30	1176	61	13.48	1.43	0.00
4	0.33	944	61	13.05	1.44	0.00
3	0.29	900	61	13.00	1.45	0.00
4	0.30	1076	61	13.33	1.41	0.00
3	0.28	988	62	12.87	1.40	0.00
4	0.30	1251	62	13.37	1.46	0.00
3	0.27	647	60	12.36	1.35	0.00
4	0.29	1336	61	13.78	1.45	0.00
3	0.29	1011	61	13.14	1.42	0.00
3	0.28	982	61	13.30	1.48	0.00
3	0.29	1141	61	13.23	1.38	0.00
4	0.32	912	60	12.97	1.38	0.00
4	0.31	1129	61	12.92	1.33	0.00
3	0.28	825	61	12.31	1.29	0.00
3	0.29	603	62	13.80	1.50	0.00
